team 1,team 2,original team 1 score,original team 2 score,original winner,team 1 threes,team 2 threes,adjusted team 1 score,adjusted team 2 score,adjusted winner
Bellarmine,Duke,54,76,Duke,3,13,51,63,Duke
Bellarmine,Howard,84,63,Bellarmine,10,11,74,52,Bellarmine
Chattanooga,Bellarmine,77,68,Chattanooga,17,3,60,65,Bellarmine
Bellarmine,Notre Dame,70,81,Notre Dame,11,8,59,73,Notre Dame
Transylvania,Bellarmine,40,90,Bellarmine,7,7,33,83,Bellarmine
Mount St. Joseph,Bellarmine,38,90,Bellarmine,3,7,35,83,Bellarmine
Lipscomb,Bellarmine,77,72,Lipscomb,12,9,65,63,Lipscomb
Lipscomb,Bellarmine,65,58,Lipscomb,7,5,58,53,Lipscomb
Bellarmine,Florida Gulf Coast,74,60,Bellarmine,6,7,68,53,Bellarmine
Bellarmine,Florida Gulf Coast,80,63,Bellarmine,9,10,71,53,Bellarmine
Stetson,Bellarmine,62,67,Bellarmine,7,7,55,60,Bellarmine
Stetson,Bellarmine,65,76,Bellarmine,10,8,55,68,Bellarmine
Bellarmine,Kennesaw State,84,67,Bellarmine,4,8,80,59,Bellarmine
Bellarmine,Kennesaw State,84,79,Bellarmine,3,10,81,69,Bellarmine
Jacksonville,Bellarmine,56,71,Bellarmine,7,4,49,67,Bellarmine
Jacksonville,Bellarmine,44,63,Bellarmine,5,6,39,57,Bellarmine
Bellarmine,North Alabama,66,64,Bellarmine,7,11,59,53,Bellarmine
Bellarmine,North Alabama,87,63,Bellarmine,9,13,78,50,Bellarmine
Liberty,Bellarmine,94,78,Liberty,15,3,79,75,Liberty
Florida A&M,Florida Gulf Coast,56,65,Florida Gulf Coast,6,6,50,59,Florida Gulf Coast
Florida Gulf Coast,South Florida,57,76,South Florida,7,7,50,69,South Florida
Florida National,Florida Gulf Coast,74,91,Florida Gulf Coast,9,8,65,83,Florida Gulf Coast
Florida Gulf Coast,Miami,66,62,Florida Gulf Coast,13,3,53,59,Miami
Florida International,Florida Gulf Coast,85,69,Florida International,13,6,72,63,Florida International
Webber International,Florida Gulf Coast,39,112,Florida Gulf Coast,3,13,36,99,Florida Gulf Coast
Georgia Southern,Florida Gulf Coast,60,73,Florida Gulf Coast,6,8,54,65,Florida Gulf Coast
Florida Gulf Coast,Lipscomb,79,69,Florida Gulf Coast,11,6,68,63,Florida Gulf Coast
Florida Gulf Coast,Lipscomb,56,71,Lipscomb,5,6,51,65,Lipscomb
Stetson,Florida Gulf Coast,63,64,Florida Gulf Coast,8,2,55,62,Florida Gulf Coast
Stetson,Florida Gulf Coast,77,66,Stetson,12,10,65,56,Stetson
North Alabama,Florida Gulf Coast,60,86,Florida Gulf Coast,5,9,55,77,Florida Gulf Coast
North Alabama,Florida Gulf Coast,60,69,Florida Gulf Coast,4,8,56,61,Florida Gulf Coast
Florida Gulf Coast,Kennesaw State,63,80,Kennesaw State,9,8,54,72,Kennesaw State
College of Coastal Georgia,Jacksonville,57,99,Jacksonville,6,14,51,85,Jacksonville
Southern Miss,Jacksonville,51,66,Jacksonville,3,9,48,57,Jacksonville
Presbyterian,Jacksonville,65,78,Jacksonville,9,7,56,71,Jacksonville
Jacksonville,Georgia,65,98,Georgia,4,8,61,90,Georgia
Campbell,Jacksonville,80,78,Campbell,7,8,73,70,Campbell
Florida National,Jacksonville,69,78,Jacksonville,9,8,60,70,Jacksonville
New Orleans,Jacksonville,70,77,Jacksonville,2,7,68,70,Jacksonville
Jacksonville,South Carolina State,60,58,Jacksonville,4,9,56,49,Jacksonville
Jacksonville,Miami,64,73,Miami,10,6,54,67,Miami
Jacksonville,Kansas State,46,70,Kansas State,8,11,38,59,Kansas State
Jacksonville,Kennesaw State,62,57,Jacksonville,6,9,56,48,Jacksonville
Jacksonville,Kennesaw State,72,66,Jacksonville,6,6,66,60,Jacksonville
North Florida,Jacksonville,65,66,Jacksonville,10,5,55,61,Jacksonville
North Florida,Jacksonville,70,68,North Florida,13,5,57,63,Jacksonville
Jacksonville,North Alabama,81,82,North Alabama,8,11,73,71,Jacksonville
Jacksonville,North Alabama,54,76,North Alabama,7,8,47,68,North Alabama
Liberty,Jacksonville,59,54,Liberty,7,7,52,47,Liberty
Liberty,Jacksonville,64,58,Liberty,6,5,58,53,Liberty
Lipscomb,Jacksonville,60,66,Jacksonville,5,7,55,59,Jacksonville
Lipscomb,Jacksonville,71,69,Lipscomb,5,9,66,60,Lipscomb
Jacksonville,Stetson,75,91,Stetson,8,11,67,80,Stetson
Jacksonville,Stetson,86,82,Jacksonville,6,11,80,71,Jacksonville
Carver College,Kennesaw State,40,87,Kennesaw State,4,9,36,78,Kennesaw State
Toccoa Falls,Kennesaw State,44,106,Kennesaw State,5,18,39,88,Kennesaw State
Kennesaw State,UAB,48,73,UAB,3,6,45,67,UAB
Kennesaw State,Creighton,58,93,Creighton,5,7,53,86,Creighton
Dalton State,Kennesaw State,62,72,Kennesaw State,5,9,57,63,Kennesaw State
Kennesaw State,Belmont,53,64,Belmont,7,6,46,58,Belmont
Samford,Kennesaw State,65,63,Samford,6,6,59,57,Samford
Mercer,Kennesaw State,81,71,Mercer,5,5,76,66,Mercer
Kennesaw State,Liberty,63,69,Liberty,7,4,56,65,Liberty
Kennesaw State,Liberty,47,76,Liberty,5,8,42,68,Liberty
North Alabama,Kennesaw State,66,43,North Alabama,6,2,60,41,North Alabama
North Alabama,Kennesaw State,66,64,North Alabama,5,5,61,59,North Alabama
Kennesaw State,North Florida,54,69,North Florida,7,6,47,63,North Florida
Kennesaw State,North Florida,65,68,North Florida,6,5,59,63,North Florida
Stetson,Kennesaw State,74,61,Stetson,6,6,68,55,Stetson
Stetson,Kennesaw State,75,83,Kennesaw State,6,11,69,72,Kennesaw State
Kennesaw State,Lipscomb,62,76,Lipscomb,4,6,58,70,Lipscomb
Kennesaw State,Lipscomb,63,77,Lipscomb,4,10,59,67,Lipscomb
Liberty,Purdue,64,77,Purdue,11,9,53,68,Purdue
Liberty,Mississippi State,84,73,Liberty,19,4,65,69,Mississippi State
South Carolina,Liberty,62,78,Liberty,3,11,59,67,Liberty
Liberty,TCU,52,56,TCU,6,4,46,52,TCU
St. Francis (PA),Liberty,62,78,Liberty,5,11,57,67,Liberty
Bluefield College,Liberty,64,86,Liberty,7,16,57,70,Liberty
Liberty,Missouri,60,69,Missouri,7,5,53,64,Missouri
Columbia International,Liberty,26,73,Liberty,1,9,25,64,Liberty
South Carolina State,Liberty,52,82,Liberty,8,13,44,69,Liberty
Carver College,Liberty,38,91,Liberty,3,13,35,78,Liberty
Alcorn State,Liberty,65,108,Liberty,6,18,59,90,Liberty
Liberty,Lipscomb,70,77,Lipscomb,7,5,63,72,Lipscomb
Liberty,Lipscomb,66,50,Liberty,12,4,54,46,Liberty
Liberty,Stetson,59,65,Stetson,5,6,54,59,Stetson
Liberty,Stetson,68,58,Liberty,7,9,61,49,Liberty
Lancaster Bible College,Liberty,49,90,Liberty,8,11,41,79,Liberty
North Florida,Liberty,61,73,Liberty,11,9,50,64,Liberty
North Florida,Liberty,60,80,Liberty,7,11,53,69,Liberty
North Alabama,Liberty,54,74,Liberty,6,12,48,62,Liberty
North Alabama,Liberty,54,74,Liberty,5,16,49,58,Liberty
Lipscomb,Lamar,76,73,Lipscomb,10,5,66,68,Lamar
Lipscomb,Tulane,66,68,Tulane,6,9,60,59,Lipscomb
Lipscomb,Cincinnati,55,67,Cincinnati,3,4,52,63,Cincinnati
Lipscomb,Arkansas,50,86,Arkansas,5,11,45,75,Arkansas
Lipscomb,Southeast Missouri State,77,82,Southeast Missouri State,10,10,67,72,Southeast Missouri State
Southeast Missouri State,Lipscomb,74,80,Lipscomb,6,9,68,71,Lipscomb
Belmont,Lipscomb,81,71,Belmont,11,5,70,66,Belmont
Trevecca Nazarene,Lipscomb,45,61,Lipscomb,6,6,39,55,Lipscomb
Crowley's Ridge College,Lipscomb,60,97,Lipscomb,5,12,55,85,Lipscomb
Freed-Hardeman,Lipscomb,72,93,Lipscomb,10,18,62,75,Lipscomb
North Florida,Lipscomb,72,84,Lipscomb,11,6,61,78,Lipscomb
North Florida,Lipscomb,72,67,North Florida,13,6,59,61,Lipscomb
Bluefield State,Lipscomb,56,89,Lipscomb,5,10,51,79,Lipscomb
Lipscomb,Stetson,68,73,Stetson,7,11,61,62,Stetson
Lipscomb,Stetson,69,61,Lipscomb,7,11,62,50,Lipscomb
Lipscomb,North Alabama,66,73,North Alabama,8,11,58,62,North Alabama
Oakwood,North Alabama,74,98,North Alabama,11,10,63,88,North Alabama
Carver College,North Alabama,40,107,North Alabama,4,15,36,92,North Alabama
Troy,North Alabama,62,57,Troy,6,5,56,52,Troy
North Alabama,Indiana,52,87,Indiana,4,13,48,74,Indiana
Crowley's Ridge College,North Alabama,51,99,North Alabama,5,11,46,88,North Alabama
Freed-Hardeman,North Alabama,56,82,North Alabama,5,7,51,75,North Alabama
Stetson,North Alabama,86,77,Stetson,12,10,74,67,Stetson
Stetson,North Alabama,66,73,North Alabama,10,9,56,64,North Alabama
North Alabama,North Florida,82,78,North Alabama,5,9,77,69,North Alabama
North Alabama,North Florida,72,82,North Florida,6,11,66,71,North Florida
North Florida,Eastern Kentucky,67,80,Eastern Kentucky,10,5,57,75,Eastern Kentucky
North Florida,NC State,51,86,NC State,7,8,44,78,NC State
North Florida,Miami,59,77,Miami,12,5,47,72,Miami
North Florida,Florida State,58,86,Florida State,11,7,47,79,Florida State
North Florida,High Point,74,85,High Point,8,3,66,82,High Point
Florida Atlantic,North Florida,79,77,Florida Atlantic,6,15,73,62,Florida Atlantic
North Florida,East Carolina,67,73,East Carolina,8,5,59,68,East Carolina
Florida International,North Florida,77,80,North Florida,9,6,68,74,North Florida
Flagler,North Florida,73,66,Flagler,6,12,67,54,Flagler
Edward Waters,North Florida,71,98,North Florida,3,15,68,83,North Florida
North Florida,Stetson,79,74,North Florida,13,5,66,69,Stetson
North Florida,Stetson,68,85,Stetson,11,9,57,76,Stetson
Emmanuel,Stetson,64,61,Emmanuel,7,7,57,54,Emmanuel
Stetson,Miami,60,82,Miami,11,8,49,74,Miami
Stetson,Florida,40,86,Florida,4,9,36,77,Florida
Stetson,South Florida,62,73,South Florida,8,8,54,65,South Florida
Florida Atlantic,Stetson,69,78,Stetson,3,12,66,66,South Florida
Carver College,Stetson,51,95,Stetson,5,11,46,84,Stetson
Carver College,Stetson,56,110,Stetson,7,19,49,91,Stetson
UMBC,Albany,65,64,UMBC,8,6,57,58,Albany
UMBC,Albany,65,60,UMBC,7,6,58,54,UMBC
Niagara,Albany,70,65,Niagara,6,9,64,56,Niagara
Albany,Vermont,63,62,Albany,5,10,58,52,Albany
Albany,Vermont,66,74,Vermont,10,8,56,66,Vermont
Albany,Saint Joseph's,64,67,Saint Joseph's,8,5,56,62,Saint Joseph's
NJIT,Albany,75,83,Albany,9,8,66,75,Albany
NJIT,Albany,71,83,Albany,7,4,64,79,Albany
Albany,New Hampshire,64,71,New Hampshire,2,8,62,63,New Hampshire
Albany,New Hampshire,83,64,Albany,7,7,76,57,Albany
UMass Lowell,Albany,79,71,UMass Lowell,8,7,71,64,UMass Lowell
UMass Lowell,Albany,69,81,Albany,7,6,62,75,Albany
Stony Brook,Albany,59,43,Stony Brook,9,4,50,39,Stony Brook
Stony Brook,Albany,59,67,Albany,3,7,56,60,Albany
NJIT,Albany,66,76,Albany,4,8,62,68,Albany
Albany,Hartford,77,83,Hartford,5,8,72,75,Hartford
Marist,Binghamton,68,65,Marist,6,8,62,57,Marist
Binghamton,Marist,60,64,Marist,8,3,52,61,Marist
Youngstown State,Binghamton,79,65,Youngstown State,8,9,71,56,Youngstown State
Stony Brook,Binghamton,73,59,Stony Brook,5,8,68,51,Stony Brook
Stony Brook,Binghamton,80,70,Stony Brook,8,11,72,59,Stony Brook
Binghamton,UMBC,67,74,UMBC,12,12,55,62,UMBC
Binghamton,UMBC,75,69,Binghamton,15,7,60,62,UMBC
Binghamton,Hartford,56,76,Hartford,9,8,47,68,Hartford
Binghamton,Hartford,74,77,Hartford,9,13,65,64,Binghamton
Vermont,Binghamton,76,60,Vermont,6,8,70,52,Vermont
Vermont,Binghamton,84,44,Vermont,11,2,73,42,Vermont
UMass Lowell,Binghamton,92,78,UMass Lowell,10,10,82,68,UMass Lowell
UMass Lowell,Binghamton,77,67,UMass Lowell,9,9,68,58,UMass Lowell
New Hampshire,Binghamton,44,65,Binghamton,4,7,40,58,Binghamton
New Hampshire,Binghamton,71,65,New Hampshire,7,7,64,58,New Hampshire
Binghamton,NJIT,76,63,Binghamton,11,7,65,56,Binghamton
Binghamton,NJIT,72,58,Binghamton,7,3,65,55,Binghamton
Binghamton,Hartford,60,77,Hartford,6,10,54,67,Hartford
Hartford,UConn,57,69,UConn,4,5,53,64,UConn
Villanova,Hartford,87,53,Villanova,15,7,72,46,Villanova
Hartford,Fairfield,66,61,Hartford,8,7,58,54,Hartford
Central Connecticut,Hartford,65,80,Hartford,6,12,59,68,Hartford
Fairfield,Hartford,54,67,Hartford,4,5,50,62,Hartford
Maine,Hartford,60,63,Hartford,9,9,51,54,Hartford
Maine,Hartford,50,65,Hartford,7,9,43,56,Hartford
Hartford,New Hampshire,69,77,New Hampshire,14,7,55,70,New Hampshire
Hartford,New Hampshire,51,53,New Hampshire,5,5,46,48,New Hampshire
Hartford,UMass Lowell,62,71,UMass Lowell,6,3,56,68,UMass Lowell
Hartford,UMass Lowell,75,58,Hartford,6,5,69,53,Hartford
Hartford,UMBC,70,63,Hartford,6,6,64,57,Hartford
Hartford,UMBC,49,57,UMBC,8,2,41,55,UMBC
Hartford,Stony Brook,59,57,Hartford,3,8,56,49,Hartford
Hartford,Stony Brook,49,63,Stony Brook,3,7,46,56,Stony Brook
NJIT,Hartford,67,57,NJIT,7,8,60,49,NJIT
NJIT,Hartford,61,75,Hartford,8,9,53,66,Hartford
Maine,Boston College,62,78,Boston College,8,9,54,69,Boston College
New Hampshire,Maine,56,59,Maine,4,6,52,53,Maine
New Hampshire,Maine,62,58,New Hampshire,2,9,60,49,New Hampshire
Maine,NJIT,54,63,NJIT,10,8,44,55,NJIT
Maine,NJIT,45,41,Maine,5,1,40,40,NJIT
Maine,Vermont,30,65,Vermont,1,7,29,58,Vermont
Maine,Vermont,60,88,Vermont,9,10,51,78,Vermont
NJIT,Temple,60,72,Temple,5,6,55,66,Temple
NJIT,Rider,81,66,NJIT,10,6,71,60,NJIT
NJIT,Vermont,78,92,Vermont,6,12,72,80,Vermont
NJIT,Vermont,81,80,NJIT,6,5,75,75,Vermont
NJIT,UMass Lowell,73,67,NJIT,6,4,67,63,NJIT
NJIT,UMass Lowell,60,74,UMass Lowell,3,5,57,69,UMass Lowell
Stony Brook,NJIT,65,74,NJIT,3,9,62,65,NJIT
Stony Brook,NJIT,56,44,Stony Brook,1,8,55,36,Stony Brook
UMBC,NJIT,65,69,NJIT,12,6,53,63,NJIT
UMBC,NJIT,75,71,UMBC,3,6,72,65,UMBC
Keene State,New Hampshire,54,93,New Hampshire,6,7,48,86,New Hampshire
Bryant,New Hampshire,93,85,Bryant,7,11,86,74,Bryant
New Hampshire,Quinnipiac,58,64,Quinnipiac,5,9,53,55,Quinnipiac
UMBC,New Hampshire,69,54,UMBC,7,6,62,48,UMBC
UMBC,New Hampshire,68,66,UMBC,2,9,66,57,UMBC
New Hampshire,Stony Brook,81,64,New Hampshire,13,5,68,59,New Hampshire
New Hampshire,Stony Brook,67,64,New Hampshire,9,5,58,59,Stony Brook
UMass Lowell,New Hampshire,74,69,UMass Lowell,7,8,67,61,UMass Lowell
UMass Lowell,New Hampshire,63,74,New Hampshire,4,8,59,66,New Hampshire
New Hampshire,UMass Lowell,69,67,New Hampshire,4,7,65,60,New Hampshire
UMass Lowell,New Hampshire,72,64,UMass Lowell,6,5,66,59,UMass Lowell
Stony Brook,Saint Peter's,68,82,Saint Peter's,8,12,60,70,Saint Peter's
Fairfield,Stony Brook,69,72,Stony Brook,5,4,64,68,Stony Brook
Stony Brook,St. John's,66,89,St. John's,7,8,59,81,St. John's
Stony Brook,Hofstra,67,72,Hofstra,6,8,61,64,Hofstra
Stony Brook,Bryant,72,81,Bryant,5,11,67,70,Bryant
Point Park,Stony Brook,39,83,Stony Brook,4,7,35,76,Stony Brook
UMass Lowell,Stony Brook,58,73,Stony Brook,4,7,54,66,Stony Brook
UMass Lowell,Stony Brook,64,71,Stony Brook,4,5,60,66,Stony Brook
UMBC,Stony Brook,71,65,UMBC,10,8,61,57,UMBC
UMBC,Stony Brook,60,48,UMBC,9,8,51,40,UMBC
Stony Brook,Vermont,78,86,Vermont,8,8,70,78,Vermont
Stony Brook,Vermont,57,61,Vermont,5,10,52,51,Stony Brook
Stony Brook,UMass Lowell,62,64,UMass Lowell,8,5,54,59,UMass Lowell
UMBC,Georgetown,62,70,Georgetown,6,7,56,63,Georgetown
UMBC,St. Francis (PA),80,65,UMBC,5,5,75,60,UMBC
George Washington,UMBC,81,92,UMBC,10,10,71,82,UMBC
Delaware,UMBC,61,76,UMBC,6,7,55,69,UMBC
UMBC,Coppin State,66,49,UMBC,3,7,63,42,UMBC
Vermont,UMBC,80,71,Vermont,10,8,70,63,Vermont
Vermont,UMBC,55,66,UMBC,4,5,51,61,UMBC
San Francisco,UMass Lowell,68,76,UMass Lowell,5,5,63,71,UMass Lowell
Illinois State,UMass Lowell,82,72,Illinois State,8,5,74,67,Illinois State
UMass Lowell,Ohio State,64,74,Ohio State,11,4,53,70,Ohio State
UMass Lowell,NC State,59,90,NC State,3,12,56,78,NC State
Vermont,UMass Lowell,65,73,UMass Lowell,8,11,57,62,UMass Lowell
Vermont,UMass Lowell,62,53,Vermont,2,7,60,46,Vermont
Xavier,Cincinnati,77,69,Xavier,7,5,70,64,Xavier
Furman,Cincinnati,73,78,Cincinnati,7,4,66,74,Cincinnati
Cincinnati,Tennessee,56,65,Tennessee,8,2,48,63,Tennessee
South Florida,Cincinnati,74,71,South Florida,7,7,67,64,South Florida
Cincinnati,Georgia,68,83,Georgia,5,4,63,79,Georgia
Cincinnati,UCF,70,75,UCF,5,9,65,66,UCF
Tulsa,Cincinnati,70,66,Tulsa,5,6,65,60,Tulsa
Cincinnati,SMU,76,69,Cincinnati,10,5,66,64,Cincinnati
Cincinnati,Wichita State,76,82,Wichita State,6,3,70,79,Wichita State
Cincinnati,Temple,63,60,Cincinnati,9,7,54,53,Cincinnati
Cincinnati,Tulane,64,61,Cincinnati,6,3,58,58,Cincinnati
Temple,Cincinnati,69,71,Cincinnati,7,6,62,65,Cincinnati
UCF,Cincinnati,68,69,Cincinnati,11,6,57,63,Cincinnati
Cincinnati,Houston,52,90,Houston,5,9,47,81,Houston
Cincinnati,Tulsa,70,69,Cincinnati,10,8,60,61,Tulsa
Tulane,Cincinnati,71,91,Cincinnati,7,10,64,81,Cincinnati
Memphis,Cincinnati,80,74,Memphis,7,9,73,65,Memphis
East Carolina,Charlotte,66,57,East Carolina,2,5,64,52,East Carolina
NC Wesleyan,East Carolina,62,91,East Carolina,5,9,57,82,East Carolina
Radford,East Carolina,50,63,East Carolina,4,5,46,58,East Carolina
UNC Wilmington,East Carolina,78,88,East Carolina,7,14,71,74,East Carolina
East Carolina,SMU,55,70,SMU,6,9,49,61,SMU
James Madison,East Carolina,64,73,East Carolina,7,6,57,67,East Carolina
Tulane,East Carolina,58,68,East Carolina,8,6,50,62,East Carolina
East Carolina,Tulane,56,60,Tulane,10,6,46,54,Tulane
South Florida,East Carolina,69,63,South Florida,8,4,61,59,South Florida
Memphis,East Carolina,80,53,Memphis,11,4,69,49,Memphis
East Carolina,UCF,64,71,UCF,4,10,60,61,UCF
Tulsa,East Carolina,77,68,Tulsa,6,5,71,63,Tulsa
Houston,East Carolina,73,82,East Carolina,9,11,64,71,East Carolina
East Carolina,Memphis,59,66,Memphis,1,8,58,58,East Carolina
SMU,East Carolina,71,56,SMU,4,2,67,54,SMU
Lamar,Houston,45,89,Houston,1,13,44,76,Houston
Boise State,Houston,58,68,Houston,1,5,57,63,Houston
Texas Tech,Houston,53,64,Houston,4,8,49,56,Houston
South Carolina,Houston,67,77,Houston,6,4,61,73,Houston
Alcorn State,Houston,55,88,Houston,5,6,50,82,Houston
Temple,Houston,50,76,Houston,5,10,45,66,Houston
Houston,UCF,63,54,Houston,7,2,56,52,Houston
Houston,Tulsa,64,65,Tulsa,4,7,60,58,Houston
Houston,SMU,74,60,Houston,7,6,67,54,Houston
Wichita State,Houston,63,70,Houston,8,7,55,63,Houston
Tulane,Houston,50,71,Houston,6,15,44,56,Houston
UCF,Houston,58,75,Houston,4,8,54,67,Houston
Tulsa,Houston,59,86,Houston,7,13,52,73,Houston
Houston,Temple,68,51,Houston,9,5,59,46,Houston
Houston,Tulane,83,60,Houston,13,4,70,56,Houston
SMU,Houston,48,70,Houston,2,8,46,62,Houston
Our Lady of the Lake,Houston,46,112,Houston,3,15,43,97,Houston
Houston,South Florida,82,65,Houston,8,6,74,59,Houston
Houston,Wichita State,63,68,Wichita State,8,10,55,58,Wichita State
Western Kentucky,Houston,57,81,Houston,4,13,53,68,Houston
South Florida,Houston,52,98,Houston,7,15,45,83,Houston
Saint Mary's,Memphis,56,73,Memphis,1,7,55,66,Memphis
Western Kentucky,Memphis,75,69,Western Kentucky,8,9,67,60,Western Kentucky
VCU,Memphis,70,59,VCU,7,6,63,53,VCU
Arkansas State,Memphis,54,83,Memphis,5,6,49,77,Memphis
Central Arkansas,Memphis,68,85,Memphis,9,9,59,76,Memphis
Mississippi Valley State,Memphis,57,94,Memphis,12,6,45,88,Memphis
Memphis,Auburn,71,74,Auburn,6,6,65,68,Auburn
Memphis,Tulane,80,74,Memphis,8,7,72,67,Memphis
Tulsa,Memphis,56,49,Tulsa,5,5,51,44,Tulsa
South Florida,Memphis,57,58,Memphis,7,4,50,54,Memphis
Memphis,Tulsa,57,58,Tulsa,4,3,53,55,Tulsa
Wichita State,Memphis,52,72,Memphis,2,11,50,61,Memphis
SMU,Memphis,72,76,Memphis,11,10,61,66,Memphis
Memphis,SMU,65,67,SMU,9,5,56,62,SMU
UCF,Memphis,69,96,Memphis,8,13,61,83,Memphis
UCF,Memphis,61,75,Memphis,4,3,57,72,Memphis
East Carolina,Memphis,59,66,Memphis,1,8,58,58,Memphis
Tulane,Memphis,46,61,Memphis,2,5,44,56,Memphis
Sam Houston State,SMU,67,97,SMU,8,11,59,86,SMU
Texas A&M-CC,SMU,54,91,SMU,6,10,48,81,SMU
Houston Baptist,SMU,75,102,SMU,12,8,63,94,SMU
SMU,Dayton,66,64,SMU,6,5,60,59,SMU
SMU,Temple,79,71,SMU,8,9,71,62,SMU
Temple,SMU,68,79,SMU,8,11,60,68,SMU
SMU,UCF,78,65,SMU,6,8,72,57,SMU
SMU,Tulsa,65,63,SMU,8,4,57,59,Tulsa
Florida College,South Florida,84,94,South Florida,11,9,73,85,South Florida
Rhode Island,South Florida,84,68,Rhode Island,4,4,80,64,Rhode Island
South Florida,Virginia Tech,58,76,Virginia Tech,3,5,55,71,Virginia Tech
Wofford,South Florida,56,58,South Florida,10,4,46,54,South Florida
Wichita State,South Florida,82,77,Wichita State,6,8,76,69,Wichita State
UCF,South Florida,61,68,South Florida,7,7,54,61,South Florida
Tulsa,South Florida,61,51,Tulsa,7,3,54,48,Tulsa
Tulane,South Florida,62,59,Tulane,7,6,55,53,Tulane
South Florida,UCF,65,81,UCF,5,9,60,72,UCF
South Florida,Temple,83,76,South Florida,9,10,74,66,South Florida
Temple,South Florida,65,47,Temple,11,7,54,40,Temple
UCF,Temple,55,62,Temple,7,9,48,53,Temple
Temple,Tulane,65,57,Temple,8,7,57,50,Temple
Tulsa,Temple,67,76,Temple,7,7,60,69,Temple
Tulane,Temple,81,64,Tulane,8,6,73,58,Tulane
Temple,Wichita State,67,70,Wichita State,3,9,64,61,Temple
Temple,Tulsa,66,72,Tulsa,7,6,59,66,Tulsa
Lamar,Tulane,57,66,Tulane,3,10,54,56,Tulane
Southern Miss,Tulane,38,58,Tulane,5,4,33,54,Tulane
Arkansas-Pine Bluff,Tulane,56,67,Tulane,6,4,50,63,Tulane
Grambling,Tulane,65,77,Tulane,9,14,56,63,Tulane
Tulane,Wichita State,67,75,Wichita State,4,10,63,65,Wichita State
Cincinnati,Tulane,64,61,Cincinnati,6,3,58,58,Wichita State
Tulane,Tulsa,58,48,Tulane,8,4,50,44,Tulane
Tulane,UCF,49,53,UCF,5,10,44,43,Tulane
UCF,Tulane,84,81,UCF,14,11,70,70,Tulane
Tulsa,TCU,65,70,TCU,4,11,61,59,Tulsa
South Carolina,Tulsa,69,58,South Carolina,9,4,60,54,South Carolina
UT Arlington,Tulsa,64,79,Tulsa,10,8,54,71,Tulsa
Wichita State,Tulsa,69,65,Wichita State,10,8,59,57,Wichita State
Northwestern State,Tulsa,55,82,Tulsa,7,9,48,73,Tulsa
SW Christian Univ,Tulsa,45,102,Tulsa,6,11,39,91,Tulsa
Tulsa,Wichita State,53,72,Wichita State,4,11,49,61,Wichita State
UCF,Tulsa,65,58,UCF,13,8,52,50,UCF
Auburn,UCF,55,63,UCF,7,7,48,56,UCF
UCF,Michigan,58,80,Michigan,5,9,53,71,Michigan
UCF,Florida State,86,74,UCF,9,10,77,64,UCF
UCF,Wichita State,88,93,Wichita State,6,10,82,83,Wichita State
Wichita State,UCF,61,60,Wichita State,7,8,54,52,Wichita State
UCF,Tulane,84,81,UCF,14,11,70,70,UCF
Oral Roberts,Wichita State,80,85,Wichita State,13,9,67,76,Wichita State
Missouri,Wichita State,72,62,Missouri,6,7,66,55,Missouri
Oklahoma State,Wichita State,67,64,Oklahoma State,7,5,60,59,Oklahoma State
Emporia State,Wichita State,57,73,Wichita State,5,8,52,65,Wichita State
Newman,Wichita State,43,81,Wichita State,3,8,40,73,Wichita State
Wichita State,Ole Miss,83,79,Wichita State,9,9,74,70,Wichita State
High Point,Davidson,73,82,Davidson,9,11,64,71,Davidson
Texas,Davidson,78,76,Texas,8,5,70,71,Davidson
Davidson,Providence,62,63,Providence,8,2,54,61,Providence
Davidson,UNLV,77,73,Davidson,8,11,69,62,Davidson
Georgia Southern,Davidson,45,77,Davidson,2,17,43,60,Davidson
Charlotte,Davidson,63,52,Charlotte,2,9,61,43,Charlotte
Davidson,Rhode Island,67,58,Davidson,10,7,57,51,Davidson
Vanderbilt,Davidson,65,85,Davidson,11,10,54,75,Davidson
Richmond,Davidson,80,74,Richmond,8,7,72,67,Richmond
Davidson,Duquesne,61,48,Davidson,9,6,52,42,Davidson
Dayton,Davidson,89,78,Dayton,11,7,78,71,Dayton
Saint Joseph's,Davidson,66,80,Davidson,9,14,57,66,Davidson
Davidson,La Salle,77,53,Davidson,7,6,70,47,Davidson
Fordham,Davidson,58,73,Davidson,10,10,48,63,Davidson
Davidson,UMass,69,60,Davidson,5,8,64,52,Davidson
Southern Virginia,Davidson,51,101,Davidson,9,18,42,83,Davidson
Davidson,St. Bonaventure,58,69,St. Bonaventure,13,11,45,58,St. Bonaventure
St. Bonaventure,Davidson,56,53,St. Bonaventure,11,8,45,45,St. Bonaventure
VCU,Davidson,57,65,Davidson,4,7,53,58,Davidson
Eastern Illinois,Dayton,63,66,Dayton,6,7,57,59,Dayton
Northern Kentucky,Dayton,60,66,Dayton,5,4,55,62,Dayton
Mississippi State,Dayton,82,85,Dayton,5,8,77,77,Dayton
Ole Miss,Dayton,62,65,Dayton,7,8,55,57,Dayton
La Salle,Dayton,67,65,La Salle,9,4,58,61,Dayton
George Mason,Dayton,65,74,Dayton,10,12,55,62,Dayton
Dayton,Fordham,54,55,Fordham,4,9,50,46,Dayton
Duquesne,Dayton,63,72,Dayton,3,10,60,62,Dayton
Dayton,George Washington,67,54,Dayton,9,4,58,50,Dayton
Dayton,VCU,43,66,VCU,3,7,40,59,VCU
Dayton,Saint Louis,76,71,Dayton,12,3,64,68,Saint Louis
Rhode Island,Dayton,56,67,Dayton,5,7,51,60,Dayton
Dayton,Duquesne,64,69,Duquesne,8,5,56,64,Duquesne
George Mason,Dayton,65,74,Dayton,8,12,57,62,Dayton
VCU,Dayton,76,67,VCU,12,10,64,57,VCU
Dayton,Rhode Island,89,91,Rhode Island,5,7,84,84,VCU
Saint Louis,Dayton,53,76,Dayton,7,8,46,68,Dayton
Dayton,Saint Joseph's,84,97,Saint Joseph's,10,18,74,79,Saint Joseph's
Little Rock,Duquesne,76,66,Little Rock,3,7,73,59,Little Rock
UNC Greensboro,Duquesne,68,81,Duquesne,9,6,59,75,Duquesne
Duquesne,George Washington,75,63,Duquesne,8,3,67,60,Duquesne
Duquesne,George Washington,73,75,George Washington,7,9,66,66,Duquesne
Fordham,Duquesne,45,48,Duquesne,2,5,43,43,Davidson
Duquesne,St. Bonaventure,48,62,St. Bonaventure,7,2,41,60,St. Bonaventure
Rhode Island,Duquesne,69,71,Duquesne,4,8,65,63,Rhode Island
St. Bonaventure,Duquesne,65,61,St. Bonaventure,3,5,62,56,St. Bonaventure
Duquesne,Fordham,86,62,Duquesne,14,9,72,53,Duquesne
Saint Joseph's,Duquesne,50,67,Duquesne,7,6,43,61,Duquesne
Duquesne,Richmond,72,79,Richmond,5,9,67,70,Richmond
Duquesne,La Salle,65,85,La Salle,4,11,61,74,La Salle
Rhode Island,Duquesne,75,86,Duquesne,3,9,72,77,Duquesne
George Washington,Fordham,71,47,George Washington,9,2,62,45,George Washington
Fordham,La Salle,52,89,La Salle,4,16,48,73,La Salle
Fordham,Duquesne,45,48,Duquesne,2,5,43,43,Dayton
St. Bonaventure,Fordham,68,54,St. Bonaventure,6,9,62,45,St. Bonaventure
UMass,Fordham,65,46,UMass,10,2,55,44,UMass
Fordham,Rhode Island,42,52,Rhode Island,6,5,36,47,Rhode Island
Fordham,UMass,54,60,UMass,3,8,51,52,UMass
La Salle,Fordham,68,76,Fordham,9,11,59,65,Fordham
Fordham,George Mason,45,77,George Mason,4,11,41,66,George Mason
Saint Louis,Fordham,68,40,Saint Louis,9,2,59,38,Saint Louis
Queens NC,George Mason,65,66,George Mason,3,6,62,60,Queens NC
George Mason,Belmont,67,77,Belmont,2,8,65,69,Belmont
George Mason,Howard,84,70,George Mason,17,11,67,59,George Mason
VMI,George Mason,66,68,George Mason,7,9,59,59,George Mason
Towson,George Mason,65,70,George Mason,4,9,61,61,George Mason
Norfolk St,George Mason,68,65,Norfolk St,7,6,61,59,Norfolk St
George Mason,UMass,93,92,George Mason,7,10,86,82,George Mason
VCU,George Mason,66,61,VCU,6,4,60,57,VCU
Richmond,George Mason,77,57,Richmond,8,4,69,53,Richmond
La Salle,George Mason,42,75,George Mason,3,3,39,72,George Mason
George Mason,Rhode Island,60,80,Rhode Island,9,6,51,74,Rhode Island
Saint Joseph's,George Mason,85,87,George Mason,13,6,72,81,George Mason
George Mason,Saint Joseph's,71,62,George Mason,8,7,63,55,George Mason
George Mason,St. Bonaventure,67,84,St. Bonaventure,10,5,57,79,St. Bonaventure
George Mason,VCU,79,76,George Mason,3,5,76,71,George Mason
George Washington,George Mason,58,63,George Mason,4,7,54,56,George Mason
La Salle,George Mason,54,89,George Mason,5,11,49,78,George Mason
George Washington,Navy,71,78,Navy,9,10,62,68,Navy
Hampton,George Washington,82,78,Hampton,10,3,72,75,George Washington
Coppin State,George Washington,69,85,George Washington,11,3,58,82,George Washington
George Washington,Delaware,65,68,Delaware,9,10,56,58,Delaware
William & Mary,George Washington,85,84,William & Mary,4,5,81,79,William & Mary
Charlotte,George Washington,66,65,Charlotte,6,7,60,58,Charlotte
VCU,George Washington,84,77,VCU,4,6,80,71,VCU
Rhode Island,George Washington,70,78,George Washington,5,8,65,70,George Washington
George Washington,St. Bonaventure,41,88,St. Bonaventure,2,15,39,73,St. Bonaventure
La Salle,St. John's,65,82,St. John's,6,6,59,76,St. John's
Saint Peter's,La Salle,62,51,Saint Peter's,5,8,57,43,Saint Peter's
La Salle,Army,59,63,Army,9,7,50,56,Army
Lincoln PA,La Salle,62,80,La Salle,7,11,55,69,La Salle
La Salle,Drexel,58,48,La Salle,5,3,53,45,La Salle
UMass,La Salle,85,66,UMass,11,8,74,58,UMass
Delaware,La Salle,61,71,La Salle,9,6,52,65,La Salle
La Salle,Maryland,71,84,Maryland,14,7,57,77,Maryland
La Salle,UMass,67,83,UMass,7,9,60,74,UMass
Saint Joseph's,La Salle,83,90,La Salle,10,5,73,85,La Salle
La Salle,Richmond,84,78,La Salle,9,8,75,70,La Salle
Rhode Island,La Salle,73,60,Rhode Island,8,6,65,54,Rhode Island
La Salle,VCU,62,73,VCU,6,4,56,69,VCU
Saint Louis,La Salle,75,82,La Salle,4,8,71,74,La Salle
La Salle,St. Bonaventure,73,86,St. Bonaventure,12,9,61,77,St. Bonaventure
La Salle,Saint Louis,57,78,Saint Louis,5,6,52,72,Saint Louis
La Salle,Saint Joseph's,82,91,Saint Joseph's,3,11,79,80,Saint Joseph's
Arizona State,Rhode Island,94,88,Arizona State,6,9,88,79,Arizona State
Boston College,Rhode Island,69,64,Boston College,7,3,62,61,Boston College
San Francisco,Rhode Island,71,84,Rhode Island,11,4,60,80,Rhode Island
Seton Hall,Rhode Island,63,76,Rhode Island,6,8,57,68,Rhode Island
Rhode Island,Wisconsin,62,73,Wisconsin,3,7,59,66,Wisconsin
Rhode Island,Western Kentucky,65,68,Western Kentucky,6,3,59,65,Western Kentucky
St. Bonaventure,Rhode Island,57,63,Rhode Island,5,4,52,59,Rhode Island
Saint Joseph's,Rhode Island,77,85,Rhode Island,13,6,64,79,Rhode Island
Rhode Island,Richmond,73,80,Richmond,6,8,67,72,Richmond
Rhode Island,VCU,83,68,Rhode Island,8,7,75,61,Rhode Island
Rhode Island,UMass,78,80,UMass,9,6,69,74,UMass
VCU,Rhode Island,63,62,VCU,7,5,56,57,Rhode Island
UMass,Rhode Island,75,63,UMass,9,0,66,63,UMass
Rhode Island,Saint Louis,60,67,Saint Louis,9,7,51,60,Saint Louis
Dayton,Rhode Island,89,91,Rhode Island,5,7,84,84,Saint Louis
Morehead State,Richmond,64,82,Richmond,8,7,56,75,Richmond
Richmond,Kentucky,76,64,Richmond,7,0,69,64,Richmond
Wofford,Richmond,72,77,Richmond,12,8,60,69,Richmond
Northern Iowa,Richmond,68,78,Richmond,3,8,65,70,Richmond
Richmond,West Virginia,71,87,West Virginia,6,8,65,79,West Virginia
Richmond,Vanderbilt,78,67,Richmond,6,6,72,61,Richmond
Richmond,Loyola Chicago,75,73,Richmond,6,9,69,64,Richmond
Hofstra,Richmond,76,71,Hofstra,10,7,66,64,Hofstra
St. Bonaventure,Richmond,69,66,St. Bonaventure,5,6,64,60,St. Bonaventure
Richmond,Saint Joseph's,79,56,Richmond,9,9,70,47,Richmond
St. Mary's (MD),Richmond,49,90,Richmond,4,16,45,74,Richmond
Richmond,VCU,56,68,VCU,3,3,53,65,VCU
UMass,Richmond,65,79,Richmond,7,7,58,72,Richmond
Richmond,Saint Louis,67,72,Saint Louis,10,6,57,66,Saint Louis
Auburn,Saint Joseph's,96,91,Auburn,9,12,87,79,Auburn
Saint Joseph's,Kansas,72,94,Kansas,13,9,59,85,Kansas
Saint Joseph's,Drexel,77,81,Drexel,4,8,73,73,Kansas
Saint Joseph's,Villanova,68,88,Villanova,10,9,58,79,Villanova
Saint Joseph's,Tennessee,66,102,Tennessee,5,10,61,92,Tennessee
VCU,Saint Joseph's,80,64,VCU,8,7,72,57,VCU
Saint Joseph's,St. Bonaventure,57,83,St. Bonaventure,10,10,47,73,St. Bonaventure
SIU Edwardsville,Saint Louis,52,89,Saint Louis,2,10,50,79,Saint Louis
LSU,Saint Louis,81,85,Saint Louis,9,10,72,75,Saint Louis
Arkansas-Pine Bluff,Saint Louis,54,107,Saint Louis,8,11,46,96,Saint Louis
Central Arkansas,Saint Louis,65,88,Saint Louis,7,8,58,80,Saint Louis
Indiana State,Saint Louis,59,78,Saint Louis,6,6,53,72,Saint Louis
NC State,Saint Louis,69,80,Saint Louis,4,5,65,75,Saint Louis
Saint Louis,Minnesota,82,90,Minnesota,2,10,80,80,Saint Louis
UM Kansas City,Saint Louis,46,62,Saint Louis,5,5,41,57,Saint Louis
St. Bonaventure,Saint Louis,59,70,Saint Louis,6,11,53,59,Saint Louis
Saint Louis,VCU,65,67,VCU,6,7,59,60,VCU
St. Bonaventure,Akron,81,74,St. Bonaventure,1,6,80,68,St. Bonaventure
Hofstra,St. Bonaventure,69,77,St. Bonaventure,9,7,60,70,St. Bonaventure
VCU,St. Bonaventure,54,70,St. Bonaventure,8,6,46,64,St. Bonaventure
St. Bonaventure,VCU,64,67,VCU,3,4,61,63,VCU
Northeastern,UMass,79,94,UMass,5,9,74,85,UMass
UMass,Northeastern,75,78,Northeastern,7,7,68,71,Northeastern
Bryant,UMass,93,88,Bryant,9,9,84,79,Bryant
VCU,Utah State,85,69,VCU,10,4,75,65,VCU
VCU,West Virginia,66,78,West Virginia,3,6,63,72,West Virginia
VCU,Penn State,69,72,Penn State,5,9,64,63,VCU
Mount St. Mary's,VCU,42,60,VCU,4,7,38,53,VCU
North Carolina A&T,VCU,59,95,VCU,4,11,55,84,VCU
Old Dominion,VCU,54,77,VCU,3,7,51,70,VCU
Western Carolina,VCU,68,93,VCU,8,10,60,83,VCU
James Madison,VCU,81,82,VCU,8,6,73,76,VCU
Villanova,Boston College,76,67,Villanova,8,8,68,59,Villanova
St. John's,Boston College,97,93,St. John's,5,11,92,82,St. John's
Florida,Boston College,90,70,Florida,7,8,83,62,Florida
Boston College,Minnesota,80,85,Minnesota,12,6,68,79,Minnesota
Syracuse,Boston College,101,63,Syracuse,16,8,85,55,Syracuse
Boston College,NC State,76,79,NC State,10,5,66,74,NC State
Louisville,Boston College,76,64,Louisville,8,8,68,56,Louisville
Boston College,Duke,82,83,Duke,9,8,73,75,Duke
Virginia,Boston College,61,49,Virginia,4,6,57,43,Virginia
Miami,Boston College,62,84,Boston College,2,18,60,66,Boston College
Boston College,Notre Dame,70,80,Notre Dame,9,14,61,66,Notre Dame
NC State,Boston College,81,65,NC State,6,9,75,56,NC State
Wake Forest,Boston College,69,65,Wake Forest,7,8,62,57,Wake Forest
Boston College,Syracuse,67,75,Syracuse,9,5,58,70,Syracuse
Notre Dame,Boston College,90,94,Boston College,7,9,83,85,Boston College
Mississippi State,Clemson,42,53,Clemson,4,5,38,48,Clemson
Purdue,Clemson,70,81,Clemson,9,10,61,71,Clemson
South Carolina State,Clemson,38,75,Clemson,1,8,37,67,Clemson
Maryland,Clemson,51,67,Clemson,6,9,45,58,Clemson
Clemson,Alabama,64,56,Clemson,5,3,59,53,Clemson
Clemson,Virginia Tech,60,66,Virginia Tech,10,5,50,61,Virginia Tech
Morehead State,Clemson,51,66,Clemson,7,10,44,56,Clemson
Florida State,Clemson,67,77,Clemson,9,7,58,70,Clemson
Clemson,Miami,66,65,Clemson,9,7,57,58,Miami
NC State,Clemson,70,74,Clemson,7,9,63,65,Clemson
Virginia,Clemson,85,50,Virginia,15,5,70,45,Virginia
Clemson,Georgia Tech,65,83,Georgia Tech,9,16,56,67,Georgia Tech
Clemson,Florida State,61,80,Florida State,5,12,56,68,Florida State
Louisville,Clemson,50,54,Clemson,5,7,45,47,Clemson
Clemson,Duke,53,79,Duke,5,10,48,69,Duke
North Carolina,Clemson,50,63,Clemson,5,8,45,55,Clemson
Syracuse,Clemson,61,78,Clemson,5,10,56,68,Clemson
Georgia Tech,Clemson,72,74,Clemson,5,9,67,65,Georgia Tech
Clemson,Wake Forest,60,39,Clemson,7,5,53,34,Clemson
Miami,Clemson,58,66,Clemson,5,11,53,55,Clemson
Coppin State,Duke,71,81,Duke,10,9,61,72,Duke
Michigan State,Duke,75,69,Michigan State,5,5,70,64,Michigan State
Illinois,Duke,83,68,Illinois,7,5,76,63,Illinois
Duke,Notre Dame,75,65,Duke,8,9,67,56,Duke
Wake Forest,Duke,68,79,Duke,6,9,62,70,Duke
Duke,Virginia Tech,67,74,Virginia Tech,8,6,59,68,Virginia Tech
Duke,Pittsburgh,73,79,Pittsburgh,8,7,65,72,Pittsburgh
Duke,Louisville,65,70,Louisville,8,6,57,64,Louisville
Georgia Tech,Duke,68,75,Duke,8,5,60,70,Duke
Duke,Miami,75,77,Miami,5,7,70,70,Duke
North Carolina,Duke,91,87,North Carolina,10,11,81,76,North Carolina
Notre Dame,Duke,93,89,Notre Dame,11,10,82,79,Notre Dame
Duke,NC State,69,53,Duke,9,2,60,51,Duke
Duke,Wake Forest,84,60,Duke,11,7,73,53,Duke
Virginia,Duke,65,66,Duke,5,9,60,57,Virginia
Syracuse,Duke,71,85,Duke,8,13,63,72,Duke
Louisville,Duke,80,73,Louisville,4,4,76,69,Louisville
Indiana,Florida State,67,69,Florida State,4,8,63,61,Indiana
Florida,Florida State,71,83,Florida State,10,8,61,75,Florida State
Georgia Tech,Florida State,61,74,Florida State,5,8,56,66,Florida State
Gardner-Webb,Florida State,59,72,Florida State,9,6,50,66,Florida State
NC State,Florida State,73,105,Florida State,11,12,62,93,Florida State
North Carolina,Florida State,75,82,Florida State,10,8,65,74,Florida State
Florida State,Louisville,78,65,Florida State,9,4,69,61,Florida State
Miami,Florida State,59,81,Florida State,9,6,50,75,Florida State
Florida State,Georgia Tech,65,76,Georgia Tech,3,7,62,69,Georgia Tech
Wake Forest,Florida State,85,92,Florida State,13,12,72,80,Florida State
Virginia,Florida State,60,81,Florida State,9,13,51,68,Florida State
Florida State,Pittsburgh,79,72,Florida State,4,4,75,68,Florida State
Florida State,Miami,88,71,Florida State,9,8,79,63,Florida State
Florida State,North Carolina,70,78,North Carolina,5,5,65,73,North Carolina
Georgia State,Georgia Tech,123,120,Georgia State,10,7,113,113,North Carolina
Mercer,Georgia Tech,83,73,Mercer,12,8,71,65,Mercer
Kentucky,Georgia Tech,62,79,Georgia Tech,8,8,54,71,Georgia Tech
Georgia Tech,Nebraska,75,64,Georgia Tech,8,8,67,56,Georgia Tech
Florida A&M,Georgia Tech,64,74,Georgia Tech,7,9,57,65,Georgia Tech
Delaware State,Georgia Tech,69,97,Georgia Tech,8,9,61,88,Georgia Tech
North Carolina,Georgia Tech,67,72,Georgia Tech,8,10,59,62,Georgia Tech
Wake Forest,Georgia Tech,54,70,Georgia Tech,3,9,51,61,Georgia Tech
Georgia Tech,Virginia,62,64,Virginia,9,8,53,56,Virginia
Georgia Tech,Louisville,58,74,Louisville,8,7,50,67,Louisville
Notre Dame,Georgia Tech,80,82,Georgia Tech,7,7,73,75,Georgia Tech
Virginia,Georgia Tech,57,49,Virginia,7,4,50,45,Virginia
Pittsburgh,Georgia Tech,65,71,Georgia Tech,7,6,58,65,Georgia Tech
Georgia Tech,Miami,87,60,Georgia Tech,11,5,76,55,Georgia Tech
Georgia Tech,Virginia Tech,69,53,Georgia Tech,8,5,61,48,Georgia Tech
Syracuse,Georgia Tech,77,84,Georgia Tech,7,5,70,79,Georgia Tech
Georgia State,Georgia Tech,123,120,Georgia State,10,7,113,113,Georgia Tech
Evansville,Louisville,44,79,Louisville,6,6,38,73,Louisville
Seton Hall,Louisville,70,71,Louisville,6,2,64,69,Louisville
Prairie View A&M,Louisville,64,86,Louisville,9,6,55,80,Louisville
Western Kentucky,Louisville,54,75,Louisville,3,8,51,67,Louisville
Louisville,Wisconsin,48,85,Wisconsin,5,16,43,69,Wisconsin
Louisville,Pittsburgh,64,54,Louisville,4,4,60,50,Louisville
Kentucky,Louisville,59,62,Louisville,5,6,54,56,Louisville
Virginia Tech,Louisville,71,73,Louisville,9,6,62,67,Louisville
Louisville,Wake Forest,77,65,Louisville,7,7,70,58,Louisville
Louisville,Miami,72,78,Miami,3,8,69,70,Miami
Louisville,North Carolina,54,99,North Carolina,1,8,53,91,North Carolina
Notre Dame,Louisville,57,69,Louisville,7,7,50,62,Louisville
Purdue,Miami,54,58,Miami,4,1,50,57,Miami
Pittsburgh,Miami,70,55,Pittsburgh,7,5,63,50,Pittsburgh
Miami,Virginia Tech,78,80,Virginia Tech,10,9,68,71,Virginia Tech
North Carolina,Miami,67,65,North Carolina,9,3,58,62,Miami
Miami,NC State,64,59,Miami,5,7,59,52,Miami
Miami,Syracuse,57,83,Syracuse,4,10,53,73,Syracuse
Notre Dame,Miami,73,59,Notre Dame,10,3,63,56,Notre Dame
Miami,Wake Forest,54,66,Wake Forest,9,13,45,53,Wake Forest
Duke,Miami,75,77,Miami,5,7,70,70,Wake Forest
Virginia Tech,Miami,80,76,Virginia Tech,8,6,72,70,Virginia Tech
Miami,Notre Dame,61,71,Notre Dame,5,7,56,64,Notre Dame
Charleston Southern,NC State,61,95,NC State,5,11,56,84,NC State
Campbell,NC State,50,69,NC State,2,5,48,64,NC State
North Carolina,NC State,76,79,NC State,2,8,74,71,North Carolina
NC State,North Carolina,76,86,North Carolina,6,4,70,82,North Carolina
Wake Forest,NC State,67,72,NC State,8,7,59,65,NC State
NC State,Syracuse,73,76,Syracuse,6,8,67,68,Syracuse
Virginia,NC State,64,57,Virginia,6,4,58,53,Virginia
Syracuse,NC State,77,68,Syracuse,9,8,68,60,Syracuse
NC State,Pittsburgh,74,73,NC State,4,6,70,67,NC State
NC State,Wake Forest,80,62,NC State,8,7,72,55,NC State
NC State,Virginia,68,61,NC State,5,7,63,54,NC State
Pittsburgh,NC State,62,65,NC State,3,5,59,60,NC State
Charleston,North Carolina,60,79,North Carolina,8,4,52,75,North Carolina
North Carolina,UNLV,78,51,North Carolina,7,8,71,43,North Carolina
North Carolina,Stanford,67,63,North Carolina,4,5,63,58,North Carolina
Texas,North Carolina,69,67,Texas,9,1,60,66,North Carolina
North Carolina,Iowa,80,93,Iowa,6,17,74,76,Iowa
North Carolina Central,North Carolina,67,73,North Carolina,8,2,59,71,North Carolina
North Carolina,Kentucky,75,63,North Carolina,5,3,70,60,North Carolina
Notre Dame,North Carolina,65,66,North Carolina,11,8,54,58,North Carolina
Syracuse,North Carolina,75,81,North Carolina,10,5,65,76,North Carolina
Wake Forest,North Carolina,73,80,North Carolina,13,3,60,77,North Carolina
North Carolina,Pittsburgh,75,65,North Carolina,4,6,71,59,North Carolina
North Carolina,Virginia,48,60,Virginia,2,10,46,50,Virginia
Northeastern,North Carolina,62,82,North Carolina,10,5,52,77,North Carolina
Marquette,North Carolina,83,70,Marquette,9,5,74,65,Marquette
Notre Dame,Michigan State,70,80,Michigan State,8,7,62,73,Michigan State
Detroit Mercy,Notre Dame,70,78,Notre Dame,8,11,62,67,Notre Dame
Ohio State,Notre Dame,90,85,Ohio State,11,11,79,74,Ohio State
Notre Dame,Kentucky,64,63,Notre Dame,7,5,57,58,Kentucky
Notre Dame,Purdue,78,88,Purdue,16,14,62,74,Purdue
Virginia,Notre Dame,66,57,Virginia,8,5,58,52,Virginia
Notre Dame,Virginia Tech,63,77,Virginia Tech,6,7,57,70,Virginia Tech
Notre Dame,Virginia,68,80,Virginia,5,12,63,68,Virginia
Virginia Tech,Notre Dame,62,51,Virginia Tech,7,3,55,48,Virginia Tech
Notre Dame,Pittsburgh,84,58,Notre Dame,13,8,71,50,Notre Dame
Wake Forest,Notre Dame,58,79,Notre Dame,9,10,49,69,Notre Dame
Notre Dame,Syracuse,67,75,Syracuse,12,10,55,65,Syracuse
St. Francis (PA),Pittsburgh,80,70,St. Francis (PA),9,6,71,64,St. Francis (PA)
Drexel,Pittsburgh,74,83,Pittsburgh,3,5,71,78,Pittsburgh
Northern Illinois,Pittsburgh,59,89,Pittsburgh,7,14,52,75,Pittsburgh
Pittsburgh,Northwestern,71,70,Pittsburgh,8,8,63,62,Pittsburgh
Gardner-Webb,Pittsburgh,50,67,Pittsburgh,5,1,45,66,Pittsburgh
Pittsburgh,Syracuse,63,60,Pittsburgh,7,12,56,48,Pittsburgh
Syracuse,Pittsburgh,76,96,Pittsburgh,3,8,73,88,Pittsburgh
Pittsburgh,Wake Forest,75,76,Wake Forest,5,15,70,61,Pittsburgh
Virginia Tech,Pittsburgh,72,83,Pittsburgh,9,9,63,74,Pittsburgh
Pittsburgh,Virginia,66,73,Virginia,4,12,62,61,Pittsburgh
Bryant,Syracuse,84,85,Syracuse,13,10,71,75,Syracuse
Niagara,Syracuse,45,75,Syracuse,6,5,39,70,Syracuse
Rider,Syracuse,52,87,Syracuse,7,15,45,72,Syracuse
Syracuse,Rutgers,69,79,Rutgers,7,9,62,70,Rutgers
Northeastern,Syracuse,56,62,Syracuse,9,2,47,60,Syracuse
Buffalo,Syracuse,96,107,Syracuse,9,3,87,104,Syracuse
Georgetown,Syracuse,69,74,Syracuse,11,9,58,65,Syracuse
Virginia Tech,Syracuse,60,78,Syracuse,8,4,52,74,Syracuse
Syracuse,Virginia,58,81,Virginia,5,14,53,67,Virginia
Towson,Virginia,54,89,Virginia,7,15,47,74,Virginia
Virginia,San Francisco,60,61,San Francisco,3,13,57,48,Virginia
St. Francis (PA),Virginia,51,76,Virginia,7,5,44,71,Virginia
Kent State,Virginia,64,71,Virginia,9,7,55,64,Virginia
William & Mary,Virginia,40,76,Virginia,3,9,37,67,Virginia
Virginia,Gonzaga,75,98,Gonzaga,10,10,65,88,Gonzaga
Wake Forest,Virginia,61,70,Virginia,10,6,51,64,Virginia
Virginia,Virginia Tech,51,65,Virginia Tech,10,9,41,56,Virginia Tech
Radford,Virginia Tech,62,77,Virginia Tech,6,11,56,66,Virginia Tech
Virginia Tech,Villanova,81,73,Virginia Tech,10,9,71,64,Virginia Tech
VMI,Virginia Tech,57,64,Virginia Tech,7,4,50,60,Virginia Tech
Penn State,Virginia Tech,75,55,Penn State,12,6,63,49,Penn State
Coppin State,Virginia Tech,57,97,Virginia Tech,5,20,52,77,Virginia Tech
Longwood,Virginia Tech,58,84,Virginia Tech,4,10,54,74,Virginia Tech
Virginia Tech,Wake Forest,64,60,Virginia Tech,4,7,60,53,Virginia Tech
Wake Forest,Virginia Tech,46,84,Virginia Tech,10,13,36,71,Virginia Tech
Delaware State,Wake Forest,51,111,Wake Forest,7,14,44,97,Wake Forest
Longwood,Wake Forest,60,71,Wake Forest,5,6,55,65,Wake Forest
Catawba,Wake Forest,62,70,Wake Forest,5,6,57,64,Wake Forest
Louisiana,Baylor,82,112,Baylor,6,15,76,97,Baylor
Washington,Baylor,52,86,Baylor,5,13,47,73,Baylor
Illinois,Baylor,69,82,Baylor,7,7,62,75,Baylor
Stephen F. Austin,Baylor,52,83,Baylor,1,9,51,74,Baylor
Baylor,Kansas State,100,69,Baylor,15,6,85,63,Baylor
Arkansas-Pine Bluff,Baylor,42,99,Baylor,3,11,39,88,Baylor
Central Arkansas,Baylor,56,93,Baylor,12,13,44,80,Baylor
Alcorn State,Baylor,76,105,Baylor,6,12,70,93,Baylor
Baylor,Iowa State,76,65,Baylor,4,6,72,59,Baylor
Oklahoma,Baylor,61,76,Baylor,4,10,57,66,Baylor
Baylor,TCU,67,49,Baylor,6,6,61,43,Baylor
Baylor,Texas Tech,68,60,Baylor,9,6,59,54,Baylor
Kansas,Baylor,69,77,Baylor,10,9,59,68,Baylor
Baylor,Oklahoma State,81,66,Baylor,10,4,71,62,Baylor
Kansas State,Baylor,59,107,Baylor,5,17,54,90,Baylor
Auburn,Baylor,72,84,Baylor,6,11,66,73,Baylor
Baylor,Texas,83,69,Baylor,11,10,72,59,Baylor
Iowa State,Baylor,72,77,Baylor,10,8,62,69,Baylor
Baylor,Kansas,58,71,Kansas,6,3,52,68,Kansas
Arkansas-Pine Bluff,Iowa State,63,80,Iowa State,3,12,60,68,Iowa State
South Dakota State,Iowa State,71,68,South Dakota State,9,4,62,64,Iowa State
Iowa State,Iowa,77,105,Iowa,13,11,64,94,Iowa
Kansas State,Iowa State,74,65,Kansas State,4,6,70,59,Kansas State
Iowa State,West Virginia,65,70,West Virginia,7,3,58,67,West Virginia
Jackson State,Iowa State,45,60,Iowa State,2,4,43,56,Iowa State
Iowa State,Texas,72,78,Texas,7,8,65,70,Texas
Texas Tech,Iowa State,91,64,Texas Tech,7,6,84,58,Texas Tech
Oklahoma State,Iowa State,81,60,Oklahoma State,5,7,76,53,Oklahoma State
Iowa State,Mississippi State,56,95,Mississippi State,4,8,52,87,Mississippi State
West Virginia,Iowa State,76,72,West Virginia,7,9,69,63,West Virginia
Iowa State,Oklahoma,72,79,Oklahoma,16,6,56,73,Oklahoma
Iowa State,TCU,76,79,TCU,7,7,69,72,TCU
Iowa State,Kansas,64,97,Kansas,5,12,59,85,Kansas
Kansas,Iowa State,64,50,Kansas,7,4,57,46,Kansas
Iowa State,Oklahoma State,58,76,Oklahoma State,6,7,52,69,Oklahoma State
Oklahoma,Iowa State,66,56,Oklahoma,6,4,60,52,Oklahoma
TCU,Iowa State,76,72,TCU,8,9,68,63,TCU
Kansas,Gonzaga,90,102,Gonzaga,8,6,82,96,Gonzaga
Kansas,Kentucky,65,62,Kansas,5,3,60,59,Kansas
Washburn,Kansas,54,89,Kansas,9,13,45,76,Kansas
North Dakota State,Kansas,61,65,Kansas,6,4,55,61,Kansas
Creighton,Kansas,72,73,Kansas,9,10,63,63,Kansas
Omaha,Kansas,50,95,Kansas,4,12,46,83,Kansas
Kansas,Texas Tech,58,57,Kansas,6,6,52,51,Kansas
West Virginia,Kansas,65,79,Kansas,8,16,57,63,Kansas
Texas,Kansas,84,59,Texas,12,3,72,56,Texas
Kansas,TCU,93,64,Kansas,8,8,85,56,Kansas
Oklahoma,Kansas,59,63,Kansas,6,6,53,57,Kansas
Kansas,Oklahoma State,70,75,Oklahoma State,5,9,65,66,Oklahoma State
Kansas,Oklahoma,68,75,Oklahoma,8,9,60,66,Oklahoma
TCU,Kansas,51,59,Kansas,8,4,43,55,Kansas
Kansas,Tennessee,61,80,Tennessee,6,8,55,72,Tennessee
Kansas State,Kansas,51,74,Kansas,5,9,46,65,Kansas
Kansas,West Virginia,79,91,West Virginia,7,11,72,80,West Virginia
Oklahoma State,Kansas,66,78,Kansas,7,5,59,73,Kansas
Kansas,Kansas State,59,41,Kansas,4,3,55,38,Kansas
Texas Tech,Kansas,61,67,Kansas,5,8,56,59,Kansas
Kansas,Texas,72,75,Texas,8,5,64,70,Texas
Drake,Kansas State,80,70,Drake,7,8,73,62,Drake
Colorado,Kansas State,76,58,Colorado,6,10,70,48,Colorado
UM Kansas City,Kansas State,58,62,Kansas State,9,6,49,56,Kansas State
UNLV,Kansas State,68,58,UNLV,12,7,56,51,UNLV
Fort Hays State,Kansas State,81,68,Fort Hays State,10,4,71,64,Fort Hays State
Milwaukee,Kansas State,75,76,Kansas State,10,10,65,66,Kansas State
Omaha,Kansas State,58,60,Kansas State,8,8,50,52,Kansas State
TCU,Kansas State,67,60,TCU,3,7,64,53,TCU
Kansas State,Texas Tech,71,82,Texas Tech,8,4,63,78,Texas Tech
Oklahoma State,Kansas State,70,54,Oklahoma State,6,6,64,48,Oklahoma State
Kansas State,Texas,67,82,Texas,7,12,60,70,Texas
Kansas State,Oklahoma,50,76,Oklahoma,3,7,47,69,Oklahoma
West Virginia,Kansas State,69,47,West Virginia,8,3,61,44,West Virginia
Texas A&M,Kansas State,68,61,Texas A&M,6,10,62,51,Texas A&M
Texas Tech,Kansas State,73,62,Texas Tech,10,9,63,53,Texas Tech
Texas,Kansas State,80,77,Texas,13,9,67,68,Kansas State
Kansas State,Oklahoma State,60,67,Oklahoma State,5,10,55,57,Oklahoma State
Kansas State,TCU,62,54,Kansas State,5,4,57,50,Kansas State
Oklahoma,Kansas State,57,62,Kansas State,4,7,53,55,Kansas State
Kansas State,West Virginia,43,65,West Virginia,3,6,40,59,West Virginia
UTSA,Oklahoma,66,105,Oklahoma,8,17,58,88,Oklahoma
Oklahoma,TCU,82,78,Oklahoma,6,10,76,68,Oklahoma
Oklahoma,Xavier,77,99,Xavier,6,19,71,80,Xavier
Florida A&M,Oklahoma,54,85,Oklahoma,6,9,48,76,Oklahoma
Oral Roberts,Oklahoma,65,79,Oklahoma,9,9,56,70,Oklahoma
Houston Baptist,Oklahoma,65,84,Oklahoma,10,5,55,79,Oklahoma
Texas Tech,Oklahoma,69,67,Texas Tech,4,6,65,61,Texas Tech
West Virginia,Oklahoma,71,75,Oklahoma,14,11,57,64,Oklahoma
TCU,Oklahoma,46,82,Oklahoma,4,12,42,70,Oklahoma
Oklahoma,Texas,80,79,Oklahoma,7,6,73,73,Oklahoma
Alabama,Oklahoma,61,66,Oklahoma,10,8,51,58,Oklahoma
Oklahoma,Texas Tech,52,57,Texas Tech,6,5,46,52,Texas Tech
Oklahoma,West Virginia,91,90,Oklahoma,11,7,80,83,West Virginia
Oklahoma State,Oklahoma,94,90,Oklahoma State,9,10,85,80,Oklahoma State
Oklahoma State,UT Arlington,75,68,Oklahoma State,7,5,68,63,Oklahoma State
Texas Southern,Oklahoma State,65,85,Oklahoma State,3,10,62,75,Oklahoma State
Oklahoma State,Marquette,70,62,Oklahoma State,5,8,65,54,Oklahoma State
Oakland,Oklahoma State,71,84,Oklahoma State,17,10,54,74,Oklahoma State
Oral Roberts,Oklahoma State,78,83,Oklahoma State,16,4,62,79,Oklahoma State
TCU,Oklahoma State,77,76,TCU,8,3,69,73,Oklahoma State
Oklahoma State,Texas,74,77,Texas,5,9,69,68,Oklahoma State
Oklahoma State,Texas Tech,82,77,Oklahoma State,8,8,74,69,Oklahoma State
West Virginia,Oklahoma State,87,84,West Virginia,9,6,78,78,Oklahoma State
Arkansas,Oklahoma State,77,81,Oklahoma State,5,7,72,74,Oklahoma State
Oklahoma State,TCU,78,81,TCU,8,5,70,76,TCU
Texas,Oklahoma State,67,75,Oklahoma State,5,5,62,70,Oklahoma State
Texas Tech,Oklahoma State,69,74,Oklahoma State,5,2,64,72,Oklahoma State
Houston Baptist,TCU,45,69,TCU,3,7,42,62,TCU
Northwestern State,TCU,68,74,TCU,5,7,63,67,TCU
Providence,TCU,79,70,Providence,7,6,72,64,Providence
Texas A&M,TCU,55,73,TCU,4,10,51,63,TCU
North Dakota State,TCU,82,89,TCU,13,11,69,78,TCU
Prairie View A&M,TCU,61,66,TCU,6,5,55,61,TCU
TCU,Missouri,98,102,Missouri,7,11,91,91,Kansas
TCU,Texas,55,70,Texas,7,6,48,64,Texas
West Virginia,TCU,74,66,West Virginia,5,8,69,58,West Virginia
UT Rio Grande Valley,Texas,55,91,Texas,4,7,51,84,Texas
Texas,Indiana,66,44,Texas,7,2,59,42,Texas
Villanova,Texas,68,64,Villanova,6,7,62,57,Villanova
Texas State,Texas,53,74,Texas,2,7,51,67,Texas
Sam Houston State,Texas,63,79,Texas,8,10,55,69,Texas
Texas,West Virginia,72,70,Texas,4,9,68,61,Texas
Texas Tech,Texas,79,77,Texas Tech,7,13,72,64,Texas Tech
Oklahoma,Texas,80,79,Oklahoma,7,6,73,73,Texas
West Virginia,Texas,84,82,West Virginia,10,14,74,68,West Virginia
Texas,Texas Tech,59,68,Texas Tech,7,4,52,64,Texas Tech
Northwestern State,Texas Tech,58,101,Texas Tech,5,8,53,93,Texas Tech
Sam Houston State,Texas Tech,52,84,Texas Tech,4,7,48,77,Texas Tech
Troy,Texas Tech,46,80,Texas Tech,2,11,44,69,Texas Tech
Grambling,Texas Tech,40,81,Texas Tech,2,8,38,73,Texas Tech
Abilene Christian,Texas Tech,44,51,Texas Tech,6,2,38,49,Texas Tech
Texas A&M-CC,Texas Tech,57,77,Texas Tech,7,4,50,73,Texas Tech
Incarnate Word,Texas Tech,51,79,Texas Tech,4,6,47,73,Texas Tech
Texas Tech,West Virginia,87,88,West Virginia,9,12,78,76,Texas Tech
Texas Tech,LSU,76,71,Texas Tech,7,9,69,62,Texas Tech
West Virginia,Texas Tech,82,71,West Virginia,7,5,75,66,West Virginia
South Dakota State,West Virginia,71,79,West Virginia,7,8,64,71,West Virginia
Western Kentucky,West Virginia,64,70,West Virginia,4,5,60,65,West Virginia
West Virginia,Gonzaga,82,87,Gonzaga,5,4,77,83,Gonzaga
West Virginia,Georgetown,80,71,West Virginia,6,11,74,60,West Virginia
North Texas,West Virginia,50,62,West Virginia,4,3,46,59,West Virginia
Northeastern,West Virginia,51,73,West Virginia,7,2,44,71,West Virginia
West Virginia,Oklahoma State,87,84,West Virginia,9,6,78,78,Oklahoma
Florida,West Virginia,85,80,Florida,8,8,77,72,Florida
Western Michigan,Butler,62,66,Butler,9,5,53,61,Butler
Butler,Villanova,66,85,Villanova,7,10,59,75,Villanova
Butler,Indiana,60,68,Indiana,9,7,51,61,Indiana
Southern Illinois,Butler,76,73,Southern Illinois,9,8,67,65,Southern Illinois
Providence,Butler,64,70,Butler,4,5,60,65,Butler
Butler,Providence,55,71,Providence,7,6,48,65,Providence
Butler,Seton Hall,60,68,Seton Hall,11,7,49,61,Seton Hall
Georgetown,Butler,55,63,Butler,9,7,46,56,Butler
UConn,Butler,72,60,UConn,10,5,62,55,UConn
Butler,St. John's,57,69,St. John's,6,8,51,61,St. John's
Creighton,Butler,66,70,Butler,6,6,60,64,Butler
Butler,DePaul,67,53,Butler,10,4,57,49,Butler
Butler,UConn,51,63,UConn,7,7,44,56,UConn
Xavier,Butler,68,55,Xavier,10,5,58,50,Xavier
Butler,Marquette,67,70,Marquette,10,4,57,66,Marquette
DePaul,Butler,58,68,Butler,5,8,53,60,Butler
St. John's,Butler,73,76,Butler,4,6,69,70,Butler
Butler,Georgetown,63,78,Georgetown,9,11,54,67,Georgetown
Marquette,Butler,73,57,Marquette,5,7,68,50,Marquette
Butler,Xavier,51,63,Xavier,6,2,45,61,Xavier
Seton Hall,Butler,52,61,Butler,6,4,46,57,Butler
Villanova,Butler,61,73,Butler,2,10,59,63,Butler
North Dakota State,Creighton,58,69,Creighton,4,8,54,61,Creighton
Omaha,Creighton,67,94,Creighton,8,11,59,83,Creighton
Creighton,Kansas,72,73,Kansas,9,10,63,63,Creighton
Nebraska,Creighton,74,98,Creighton,11,14,63,84,Creighton
Marquette,Creighton,89,84,Marquette,12,14,77,70,Marquette
Creighton,St. John's,94,76,Creighton,13,10,81,66,Creighton
Creighton,UConn,76,74,Creighton,7,7,69,67,Creighton
Xavier,Creighton,61,66,Creighton,8,8,53,58,Creighton
Creighton,Providence,67,65,Creighton,10,9,57,56,Creighton
Seton Hall,Creighton,53,89,Creighton,3,13,50,76,Creighton
St. John's,Creighton,79,97,Creighton,8,16,71,81,Creighton
Providence,Creighton,74,70,Providence,5,4,69,66,Providence
UConn,Creighton,66,74,Creighton,7,6,59,68,Creighton
Creighton,Seton Hall,85,81,Creighton,17,9,68,72,Seton Hall
Creighton,DePaul,69,62,Creighton,6,6,63,56,Creighton
Georgetown,Creighton,86,79,Georgetown,10,10,76,69,Georgetown
Creighton,Marquette,71,68,Creighton,6,9,65,59,Creighton
Creighton,Georgetown,63,48,Creighton,6,9,57,39,Creighton
Villanova,Creighton,70,86,Creighton,10,12,60,74,Creighton
DePaul,Creighton,53,77,Creighton,7,11,46,66,Creighton
Creighton,Xavier,69,77,Xavier,9,7,60,70,Xavier
Western Illinois,DePaul,72,91,DePaul,9,10,63,81,DePaul
DePaul,Providence,90,95,Providence,10,6,80,89,Providence
DePaul,UConn,61,82,UConn,4,7,57,75,UConn
Seton Hall,DePaul,76,68,Seton Hall,4,4,72,64,Seton Hall
UConn,DePaul,60,53,UConn,5,5,55,48,UConn
Valparaiso,DePaul,58,77,DePaul,3,9,55,68,DePaul
DePaul,Marquette,68,61,DePaul,5,10,63,51,DePaul
St. John's,DePaul,81,68,St. John's,7,4,74,64,St. John's
Providence,DePaul,57,47,Providence,7,3,50,44,Providence
DePaul,Seton Hall,52,60,Seton Hall,3,8,49,52,Seton Hall
DePaul,St. John's,88,83,DePaul,4,12,84,71,DePaul
Georgetown,DePaul,68,60,Georgetown,7,7,61,53,Georgetown
Navy,Georgetown,78,71,Navy,9,10,69,61,Navy
Coppin State,Georgetown,48,80,Georgetown,8,10,40,70,Georgetown
Villanova,Georgetown,76,63,Villanova,15,7,61,56,Villanova
St. John's,Georgetown,94,97,Georgetown,4,11,90,86,St. John's
Georgetown,St. John's,83,94,St. John's,10,13,73,81,St. John's
Georgetown,Seton Hall,67,78,Seton Hall,7,9,60,69,Seton Hall
Marquette,Georgetown,64,60,Marquette,5,5,59,55,Marquette
Providence,Georgetown,72,73,Georgetown,8,6,64,67,Georgetown
Georgetown,Villanova,74,84,Villanova,7,13,67,71,Villanova
Seton Hall,Georgetown,75,81,Georgetown,6,10,69,71,Georgetown
UConn,Georgetown,70,57,UConn,2,4,68,53,UConn
Arkansas-Pine Bluff,Marquette,57,99,Marquette,3,10,54,89,Marquette
Eastern Illinois,Marquette,50,75,Marquette,7,9,43,66,Marquette
Wisconsin,Marquette,65,67,Marquette,7,5,58,62,Marquette
Green Bay,Marquette,68,82,Marquette,8,10,60,72,Marquette
Marquette,UCLA,60,69,UCLA,4,6,56,63,UCLA
Seton Hall,Marquette,70,63,Seton Hall,9,7,61,56,Seton Hall
Marquette,Xavier,88,91,Xavier,8,13,80,78,Marquette
Villanova,Marquette,85,68,Villanova,13,9,72,59,Villanova
UConn,Marquette,65,54,UConn,8,5,57,49,UConn
Providence,Marquette,69,79,Marquette,9,7,60,72,Marquette
Marquette,St. John's,73,71,Marquette,7,10,66,61,Marquette
Marquette,Providence,63,72,Providence,3,7,60,65,Providence
St. John's,Marquette,75,73,St. John's,9,5,66,68,Marquette
Marquette,Villanova,64,96,Villanova,6,13,58,83,Villanova
Marquette,Seton Hall,51,57,Seton Hall,3,4,48,53,Seton Hall
Marquette,UConn,62,80,UConn,4,6,58,74,UConn
Fairfield,Providence,56,97,Providence,2,7,54,90,Providence
Indiana,Providence,79,58,Indiana,5,3,74,55,Indiana
Providence,Alabama,71,88,Alabama,5,12,66,76,Alabama
Fairleigh Dickinson,Providence,67,79,Providence,5,1,62,78,Providence
Providence,Seton Hall,80,77,Providence,9,7,71,70,Providence
Providence,Xavier,73,74,Xavier,13,8,60,66,Xavier
Providence,Villanova,56,71,Villanova,5,7,51,64,Villanova
Seton Hall,Providence,60,43,Seton Hall,4,6,56,37,Seton Hall
St. John's,Providence,92,81,St. John's,10,8,82,73,St. John's
UConn,Providence,59,70,Providence,4,6,55,64,Providence
Providence,UConn,61,73,UConn,4,5,57,68,UConn
Xavier,Providence,68,83,Providence,3,11,65,72,Providence
Iona,Seton Hall,64,86,Seton Hall,9,7,55,79,Seton Hall
Seton Hall,Oregon,70,83,Oregon,14,9,56,74,Oregon
Seton Hall,Penn State,98,92,Seton Hall,7,13,91,79,Seton Hall
Wagner,Seton Hall,45,78,Seton Hall,3,5,42,73,Seton Hall
St. John's,Seton Hall,68,77,Seton Hall,4,5,64,72,Seton Hall
Seton Hall,Xavier,85,68,Seton Hall,7,5,78,63,Seton Hall
Seton Hall,Villanova,74,76,Villanova,8,9,66,67,Villanova
Villanova,Seton Hall,80,72,Villanova,10,8,70,64,Villanova
Seton Hall,UConn,80,73,Seton Hall,9,6,71,67,Seton Hall
Saint Peter's,St. John's,75,76,St. John's,9,7,66,69,St. John's
St. John's,BYU,68,74,BYU,4,10,64,64,St. John's
Rider,St. John's,79,82,St. John's,11,5,68,77,St. John's
St. John's,Xavier,61,69,Xavier,5,0,56,69,Xavier
St. John's,UConn,74,70,St. John's,7,7,67,63,St. John's
Utah Valley,St. John's,78,96,St. John's,4,9,74,87,St. John's
Villanova,St. John's,59,70,St. John's,8,10,51,60,St. John's
Xavier,St. John's,84,93,St. John's,11,11,73,82,St. John's
St. John's,Villanova,58,81,Villanova,3,11,55,70,Villanova
Central Connecticut,UConn,75,102,UConn,8,10,67,92,UConn
UConn,USC,61,58,UConn,7,3,54,55,USC
UConn,Xavier,80,72,UConn,11,10,69,62,UConn
UConn,Villanova,60,68,Villanova,7,5,53,63,Villanova
Villanova,Arizona State,83,74,Villanova,8,10,75,64,Villanova
Oakland,Xavier,49,101,Xavier,7,13,42,88,Xavier
Bradley,Xavier,50,51,Xavier,6,5,44,46,Xavier
Toledo,Xavier,73,76,Xavier,10,6,63,70,Xavier
Eastern Kentucky,Xavier,96,99,Xavier,11,6,85,93,Xavier
Tennessee Tech,Xavier,48,79,Xavier,4,7,44,72,Xavier
Eastern Washington,Washington State,68,71,Washington State,9,10,59,61,Washington State
Eastern Washington,Arizona,67,70,Arizona,10,5,57,65,Arizona
Eastern Washington,Oregon,52,69,Oregon,5,8,47,61,Oregon
College of Idaho,Eastern Washington,56,80,Eastern Washington,4,10,52,70,Eastern Washington
Eastern Washington,Saint Mary's,75,80,Saint Mary's,7,7,68,73,Saint Mary's
Eastern Washington,Northern Arizona,80,64,Eastern Washington,8,7,72,57,Eastern Washington
Southern Utah,Eastern Washington,63,75,Eastern Washington,7,6,56,69,Eastern Washington
Southern Utah,Eastern Washington,99,94,Southern Utah,5,19,94,75,Southern Utah
Eastern Washington,Northern Colorado,76,78,Northern Colorado,3,13,73,65,Eastern Washington
Eastern Washington,Northern Colorado,82,76,Eastern Washington,5,9,77,67,Eastern Washington
Sacramento State,Eastern Washington,60,68,Eastern Washington,8,6,52,62,Eastern Washington
Sacramento State,Eastern Washington,79,94,Eastern Washington,11,11,68,83,Eastern Washington
Eastern Washington,Idaho,89,75,Eastern Washington,11,8,78,67,Eastern Washington
Idaho,Eastern Washington,64,90,Eastern Washington,3,10,61,80,Eastern Washington
Eastern Washington,Montana State,93,77,Eastern Washington,10,9,83,68,Eastern Washington
Eastern Washington,Montana State,85,69,Eastern Washington,13,4,72,65,Eastern Washington
Montana,Eastern Washington,76,90,Eastern Washington,7,11,69,79,Eastern Washington
Eastern Washington,Montana,90,76,Eastern Washington,7,6,83,70,Eastern Washington
Idaho State,Santa Clara,49,62,Santa Clara,8,4,41,58,Santa Clara
Nicholls,Idaho State,70,51,Nicholls,7,5,63,46,Nicholls
Idaho State,UC Davis,61,70,UC Davis,7,6,54,64,UC Davis
Idaho State,Utah,59,75,Utah,5,9,54,66,Utah
Bethesda,Idaho State,48,87,Idaho State,3,8,45,79,Idaho State
SAGU American Indian College,Idaho State,54,89,Idaho State,4,8,50,81,Idaho State
SAGU American Indian College,Idaho State,46,113,Idaho State,7,17,39,96,Idaho State
Idaho State,Northern Colorado,64,69,Northern Colorado,6,7,58,62,Northern Colorado
Idaho State,Northern Colorado,71,56,Idaho State,3,1,68,55,Idaho State
Idaho State,Northern Arizona,73,69,Idaho State,5,8,68,61,Idaho State
Idaho State,Northern Arizona,76,70,Idaho State,10,6,66,64,Idaho State
Sacramento State,Idaho State,56,57,Idaho State,7,4,49,53,Idaho State
Sacramento State,Idaho State,70,65,Sacramento State,9,5,61,60,Sacramento State
Idaho State,Portland State,64,57,Idaho State,10,6,54,51,Idaho State
Idaho State,Portland State,43,69,Portland State,3,3,40,66,Portland State
Northwest University,Idaho State,48,89,Idaho State,5,11,43,78,Idaho State
Idaho,Idaho State,43,69,Idaho State,3,8,40,61,Idaho State
Idaho,Idaho State,58,64,Idaho State,7,8,51,56,Idaho State
George Fox,Idaho State,59,84,Idaho State,11,9,48,75,Idaho State
Montana,Idaho State,64,58,Montana,7,4,57,54,Montana
Montana,Idaho State,59,58,Montana,5,7,54,51,Montana
Idaho,Sacramento State,55,77,Sacramento State,6,5,49,72,Sacramento State
Idaho,Sacramento State,57,73,Sacramento State,4,8,53,65,Sacramento State
Idaho,Washington State,58,61,Washington State,7,5,51,56,Washington State
Idaho,CSU Bakersfield,66,76,CSU Bakersfield,13,1,53,75,CSU Bakersfield
Idaho,Utah,41,79,Utah,4,6,37,73,Utah
Northern Arizona,Idaho,78,65,Northern Arizona,9,7,69,58,Northern Arizona
Northern Arizona,Idaho,83,78,Northern Arizona,10,8,73,70,Northern Arizona
Idaho,Southern Utah,80,85,Southern Utah,7,10,73,75,Southern Utah
Idaho,Southern Utah,67,83,Southern Utah,2,10,65,73,Southern Utah
Northern Colorado,Idaho,74,54,Northern Colorado,12,4,62,50,Northern Colorado
Northern Colorado,Idaho,75,61,Northern Colorado,11,1,64,60,Northern Colorado
Weber State,Idaho,81,56,Weber State,9,5,72,51,Weber State
Weber State,Idaho,81,62,Weber State,10,7,71,55,Weber State
Idaho,Portland State,64,84,Portland State,5,9,59,75,Portland State
Portland State,Idaho,71,40,Portland State,11,2,60,38,Portland State
Montana State,Idaho,69,74,Idaho,0,9,69,65,Montana State
Montana State,Idaho,71,61,Montana State,4,4,67,57,Montana State
Montana,USC,62,76,USC,4,6,58,70,USC
Montana,Southern Utah,63,64,Southern Utah,6,6,57,58,Southern Utah
Montana,Southern Utah,74,75,Southern Utah,8,10,66,65,Montana
Montana,Georgia,50,63,Georgia,5,5,45,58,Georgia
Yellowstone Christian College,Montana,42,102,Montana,6,5,36,97,Montana
Montana,Washington,66,58,Montana,4,2,62,56,Montana
Dickinson State,Montana,51,78,Montana,5,2,46,76,Montana
Montana,Arizona,64,70,Arizona,4,3,60,67,Arizona
Northern Colorado,Montana,64,62,Northern Colorado,9,1,55,61,Montana
Northern Colorado,Montana,54,56,Montana,4,2,50,54,Montana
Whitworth,Montana,67,84,Montana,5,6,62,78,Montana
Northern Arizona,Montana,56,67,Montana,6,8,50,59,Montana
Northern Arizona,Montana,62,58,Northern Arizona,5,8,57,50,Northern Arizona
Montana,Sacramento State,78,66,Montana,4,5,74,61,Montana
Montana,Sacramento State,83,89,Sacramento State,6,9,77,80,Sacramento State
Montana,Portland State,70,64,Montana,4,6,66,58,Montana
Montana,Portland State,56,61,Portland State,3,5,53,56,Portland State
Weber State,Montana,67,80,Montana,3,9,64,71,Montana
Weber State,Montana,91,82,Weber State,5,7,86,75,Weber State
Montana State,UNLV,91,78,Montana State,10,11,81,67,Montana State
Montana State,Pacific,70,74,Pacific,9,4,61,70,Pacific
Yellowstone Christian College,Montana State,74,114,Montana State,13,11,61,103,Montana State
Montana State,Washington State,54,82,Washington State,6,7,48,75,Washington State
Montana State,Portland,59,62,Portland,6,3,53,59,Portland
Montana-Western,Montana State,67,96,Montana State,10,9,57,87,Montana State
Montana State,Northern Colorado,79,67,Montana State,5,11,74,56,Montana State
Montana State,Northern Colorado,76,74,Montana State,4,9,72,65,Montana State
Portland State,Montana State,64,71,Montana State,7,6,57,65,Montana State
Portland State,Montana State,64,69,Montana State,10,6,54,63,Montana State
Montana State,Northern Arizona,62,51,Montana State,6,3,56,48,Montana State
Montana State,Northern Arizona,58,53,Montana State,6,1,52,52,Montana State
Montana State,Weber State,88,96,Weber State,13,7,75,89,Weber State
Montana State,Weber State,74,82,Weber State,7,8,67,74,Weber State
Northern Arizona,Arizona,53,96,Arizona,5,13,48,83,Arizona
UC Riverside,Northern Arizona,74,50,UC Riverside,13,4,61,46,UC Riverside
Northern Arizona,Colorado State,52,91,Colorado State,5,11,47,80,Colorado State
Northern Arizona,Texas State,65,70,Texas State,7,6,58,64,Texas State
Northern Arizona,Denver,68,65,Northern Arizona,3,6,65,59,Northern Arizona
Northern Arizona,Gonzaga,58,88,Gonzaga,5,7,53,81,Gonzaga
Northern Colorado,Northern Arizona,64,68,Northern Arizona,10,6,54,62,Northern Arizona
Northern Arizona,Weber State,59,92,Weber State,6,18,53,74,Weber State
Northern Arizona,Weber State,52,74,Weber State,4,8,48,66,Weber State
Northern Arizona,Southern Utah,80,85,Southern Utah,14,7,66,78,Southern Utah
Southern Utah,Northern Arizona,92,62,Southern Utah,11,9,81,53,Southern Utah
Colorado Christian,Northern Colorado,62,87,Northern Colorado,5,7,57,80,Northern Colorado
Regis Univ,Northern Colorado,58,83,Northern Colorado,4,11,54,72,Northern Colorado
Northern Colorado,Colorado,45,81,Colorado,6,6,39,75,Colorado
Northern Colorado,Denver,83,75,Northern Colorado,10,3,73,72,Northern Colorado
Northern Colorado,Utah State,50,63,Utah State,6,3,44,60,Utah State
Warner Pacific,Northern Colorado,60,89,Northern Colorado,3,14,57,75,Northern Colorado
Portland State,Northern Colorado,64,66,Northern Colorado,6,5,58,61,Northern Colorado
Portland State,Northern Colorado,73,65,Portland State,4,12,69,53,Portland State
Portland State,Portland,73,86,Portland,6,3,67,83,Portland
Northwest University,Portland State,48,88,Portland State,6,8,42,80,Portland State
Portland State,Washington State,60,69,Washington State,4,7,56,62,Washington State
Weber State,Portland State,94,66,Weber State,10,7,84,59,Weber State
Weber State,Portland State,72,74,Portland State,1,8,71,66,Weber State
Portland State,Oregon State,62,67,Oregon State,7,8,55,59,Oregon State
NW Nazarene,Portland State,75,72,NW Nazarene,7,5,68,67,NW Nazarene
St. Martin's,Portland State,60,69,Portland State,11,5,49,64,Portland State
Simpson University,Portland State,66,99,Portland State,7,14,59,85,Portland State
Bethesda,Sacramento State,57,101,Sacramento State,9,10,48,91,Sacramento State
Sacramento State,Saint Mary's,45,63,Saint Mary's,3,4,42,59,Saint Mary's
Fresno Pacific,Sacramento State,54,85,Sacramento State,4,5,50,80,Sacramento State
Sacramento State,California Baptist,71,83,California Baptist,4,12,67,71,California Baptist
Sacramento State,California Baptist,70,69,Sacramento State,7,10,63,59,Sacramento State
Sacramento State,Southern Utah,69,88,Southern Utah,7,13,62,75,Southern Utah
Sacramento State,Southern Utah,57,77,Southern Utah,3,7,54,70,Southern Utah
Weber State,Sacramento State,82,73,Weber State,3,6,79,67,Weber State
Weber State,Sacramento State,72,70,Weber State,5,5,67,65,Weber State
Southern Utah,Loyola Marymount,83,85,Loyola Marymount,11,6,72,79,Loyola Marymount
St. Katherine,Southern Utah,47,95,Southern Utah,6,12,41,83,Southern Utah
Southern Utah,Utah Valley,81,71,Southern Utah,7,5,74,66,Southern Utah
Dixie State,Southern Utah,78,85,Southern Utah,9,11,69,74,Southern Utah
Bethesda,Southern Utah,64,98,Southern Utah,8,6,56,92,Southern Utah
Bethesda,Southern Utah,57,96,Southern Utah,6,13,51,83,Southern Utah
Southern Utah,Weber State,67,91,Weber State,6,10,61,81,Weber State
Weber State,Southern Utah,72,77,Southern Utah,8,8,64,69,Southern Utah
Benedictine (AZ),Southern Utah,58,110,Southern Utah,8,11,50,99,Southern Utah
San Diego Christian,Southern Utah,50,109,Southern Utah,3,13,47,96,Southern Utah
Westminster (UT),Weber State,73,85,Weber State,9,10,64,75,Weber State
Weber State,Boise State,59,70,Boise State,6,11,53,59,Boise State
Weber State,BYU,79,87,BYU,10,6,69,81,BYU
Utah Valley,Weber State,62,70,Weber State,4,8,58,62,Weber State
Yellowstone Christian College,Weber State,44,124,Weber State,6,22,38,102,Weber State
Tarleton,Weber State,79,94,Weber State,9,14,70,80,Weber State
St. Andrews,Campbell,51,85,Campbell,2,5,49,80,Campbell
New Orleans,Campbell,70,79,Campbell,4,5,66,74,Campbell
Florida National,Campbell,92,122,Campbell,12,16,80,106,Campbell
Campbell,Elon,56,66,Elon,5,11,51,55,Elon
UNC Wilmington,Campbell,78,59,UNC Wilmington,8,3,70,56,UNC Wilmington
Campbell,Winthrop,83,84,Winthrop,8,5,75,79,Winthrop
Campbell,Winthrop,76,94,Winthrop,5,9,71,85,Winthrop
Campbell,Gardner-Webb,70,61,Campbell,10,8,60,53,Campbell
Campbell,Gardner-Webb,70,85,Gardner-Webb,7,7,63,78,Gardner-Webb
Campbell,Longwood,64,58,Campbell,3,4,61,54,Campbell
Campbell,Longwood,69,78,Longwood,6,9,63,69,Longwood
Presbyterian,Campbell,46,48,Campbell,4,5,42,43,Campbell
Presbyterian,Campbell,51,73,Campbell,2,9,49,64,Campbell
Radford,Campbell,97,91,Radford,6,14,91,77,Radford
Radford,Campbell,67,61,Radford,6,8,61,53,Radford
Charleston Southern,Campbell,58,59,Campbell,5,4,53,55,Campbell
Charleston Southern,Campbell,67,75,Campbell,7,8,60,67,Campbell
South Carolina Upstate,Campbell,71,72,Campbell,7,11,64,61,South Carolina Upstate
South Carolina Upstate,Campbell,49,64,Campbell,5,4,44,60,Campbell
Campbell,Hampton,76,57,Campbell,13,7,63,50,Campbell
Campbell,Hampton,73,68,Campbell,11,5,62,63,Hampton
High Point,Campbell,48,68,Campbell,2,8,46,60,Campbell
Eastern Kentucky,Charleston Southern,60,50,Eastern Kentucky,4,3,56,47,Eastern Kentucky
North Carolina A&T,Charleston Southern,70,63,North Carolina A&T,6,4,64,59,North Carolina A&T
Carver College,Charleston Southern,59,94,Charleston Southern,7,9,52,85,Charleston Southern
Hampton,Charleston Southern,67,55,Hampton,4,11,63,44,Hampton
Hampton,Charleston Southern,70,68,Hampton,8,6,62,62,Hampton
Winthrop,Charleston Southern,85,69,Winthrop,12,11,73,58,Winthrop
Winthrop,Charleston Southern,78,76,Winthrop,9,10,69,66,Winthrop
Radford,Charleston Southern,79,64,Radford,6,8,73,56,Radford
Radford,Charleston Southern,68,48,Radford,6,7,62,41,Radford
Charleston Southern,UNC Asheville,54,92,UNC Asheville,6,13,48,79,UNC Asheville
Charleston Southern,UNC Asheville,75,83,UNC Asheville,5,6,70,77,UNC Asheville
Charleston Southern,Gardner-Webb,62,74,Gardner-Webb,8,13,54,61,Gardner-Webb
Charleston Southern,Gardner-Webb,71,80,Gardner-Webb,13,13,58,67,Gardner-Webb
Charleston Southern,High Point,73,77,High Point,9,5,64,72,High Point
Charleston Southern,High Point,69,68,Charleston Southern,9,5,60,63,High Point
Longwood,Charleston Southern,70,62,Longwood,7,9,63,53,Longwood
Longwood,Charleston Southern,64,58,Longwood,9,8,55,50,Longwood
Charleston Southern,Presbyterian,78,77,Charleston Southern,7,4,71,73,Presbyterian
Gardner-Webb,Western Kentucky,84,86,Western Kentucky,12,8,72,78,Western Kentucky
Gardner-Webb,East Tennessee State,60,65,East Tennessee State,11,10,49,55,East Tennessee State
VMI,Gardner-Webb,77,88,Gardner-Webb,13,11,64,77,Gardner-Webb
Gardner-Webb,Hampton,69,80,Hampton,6,10,63,70,Hampton
Gardner-Webb,Hampton,80,69,Gardner-Webb,13,9,67,60,Gardner-Webb
Gardner-Webb,Winthrop,65,75,Winthrop,7,11,58,64,Winthrop
Gardner-Webb,Winthrop,83,91,Winthrop,6,10,77,81,Winthrop
UNC Asheville,Gardner-Webb,79,75,UNC Asheville,7,10,72,65,UNC Asheville
UNC Asheville,Gardner-Webb,57,84,Gardner-Webb,4,10,53,74,Gardner-Webb
High Point,Gardner-Webb,59,55,High Point,2,8,57,47,High Point
High Point,Gardner-Webb,72,69,High Point,4,12,68,57,High Point
Presbyterian,Gardner-Webb,53,59,Gardner-Webb,6,4,47,55,Gardner-Webb
Presbyterian,Gardner-Webb,64,91,Gardner-Webb,8,13,56,78,Gardner-Webb
Gardner-Webb,South Carolina Upstate,69,77,South Carolina Upstate,9,8,60,69,South Carolina Upstate
Gardner-Webb,Longwood,54,57,Longwood,4,13,50,44,Gardner-Webb
Gardner-Webb,Longwood,71,78,Longwood,9,8,62,70,Longwood
Gardner-Webb,Radford,69,57,Gardner-Webb,9,5,60,52,Gardner-Webb
Gardner-Webb,Radford,77,49,Gardner-Webb,11,7,66,42,Gardner-Webb
Gardner-Webb,South Carolina Upstate,69,58,Gardner-Webb,5,3,64,55,Gardner-Webb
Hampton,Norfolk St,64,76,Norfolk St,8,5,56,71,Norfolk St
Hampton,VMI,64,79,VMI,10,10,54,69,VMI
William & Mary,Hampton,75,58,William & Mary,10,1,65,57,William & Mary
Hampton,Howard,76,81,Howard,6,3,70,78,Howard
Hampton,Radford,66,79,Radford,9,9,57,70,Radford
Hampton,Radford,65,76,Radford,5,8,60,68,Radford
UNC Asheville,Hampton,71,73,Hampton,6,4,65,69,Hampton
UNC Asheville,Hampton,85,77,UNC Asheville,9,8,76,69,UNC Asheville
Hampton,South Carolina Upstate,69,68,Hampton,8,12,61,56,Hampton
Hampton,South Carolina Upstate,84,74,Hampton,10,6,74,68,Hampton
High Point,Hampton,72,58,High Point,3,8,69,50,High Point
High Point,Hampton,71,76,Hampton,7,11,64,65,Hampton
Presbyterian,Hampton,85,70,Presbyterian,7,8,78,62,Presbyterian
Presbyterian,Hampton,57,62,Hampton,1,5,56,57,Hampton
Hampton,Longwood,73,83,Longwood,11,12,62,71,Longwood
Hampton,Longwood,74,68,Hampton,10,7,64,61,Hampton
Presbyterian,Hampton,65,67,Hampton,6,7,59,60,Hampton
High Point,Elon,75,76,Elon,5,8,70,68,High Point
High Point,UNC Asheville,67,80,UNC Asheville,2,13,65,67,UNC Asheville
High Point,UNC Asheville,84,90,UNC Asheville,5,12,79,78,High Point
High Point,William & Mary,71,49,High Point,7,5,64,44,High Point
High Point,Eastern Kentucky,67,86,Eastern Kentucky,8,10,59,76,Eastern Kentucky
South Carolina Upstate,High Point,52,63,High Point,4,6,48,57,High Point
South Carolina Upstate,High Point,60,51,South Carolina Upstate,3,6,57,45,South Carolina Upstate
High Point,Longwood,54,75,Longwood,5,12,49,63,Longwood
High Point,Longwood,54,67,Longwood,6,11,48,56,Longwood
Presbyterian,High Point,57,81,High Point,3,6,54,75,High Point
Presbyterian,High Point,71,56,Presbyterian,8,3,63,53,Presbyterian
Winthrop,High Point,76,70,Winthrop,7,6,69,64,Winthrop
Winthrop,High Point,71,63,Winthrop,10,5,61,58,Winthrop
South Carolina Upstate,High Point,60,65,High Point,7,4,53,61,High Point
Longwood,VMI,71,84,VMI,6,6,65,78,VMI
Greensboro,Longwood,67,64,Greensboro,7,9,60,55,Greensboro
North Carolina A&T,Longwood,60,77,Longwood,7,11,53,66,Longwood
Longwood,Radford,66,67,Radford,14,5,52,62,Radford
Longwood,Radford,53,62,Radford,8,7,45,55,Radford
The Citadel,Longwood,91,89,The Citadel,11,1,80,88,Longwood
UNC Asheville,Longwood,80,73,UNC Asheville,10,5,70,68,UNC Asheville
UNC Asheville,Longwood,55,65,Longwood,8,4,47,61,Longwood
Longwood,South Carolina Upstate,69,71,South Carolina Upstate,5,12,64,59,Longwood
Longwood,South Carolina Upstate,59,65,South Carolina Upstate,7,8,52,57,South Carolina Upstate
Longwood,Winthrop,61,72,Winthrop,4,4,57,68,Winthrop
Longwood,Winthrop,50,70,Winthrop,5,7,45,63,Winthrop
Longwood,Presbyterian,49,45,Longwood,4,10,45,35,Longwood
Longwood,Presbyterian,54,66,Presbyterian,3,7,51,59,Presbyterian
Carver College,Presbyterian,46,85,Presbyterian,3,8,43,77,Presbyterian
South Carolina State,Presbyterian,56,62,Presbyterian,6,1,50,61,Presbyterian
Presbyterian,The Citadel,82,94,The Citadel,8,11,74,83,The Citadel
Radford,Presbyterian,71,65,Radford,5,9,66,56,Radford
Radford,Presbyterian,63,65,Presbyterian,5,7,58,58,Radford
Winthrop,Presbyterian,72,58,Winthrop,5,5,67,53,Winthrop
Winthrop,Presbyterian,78,66,Winthrop,10,6,68,60,Winthrop
South Carolina Upstate,Presbyterian,65,75,Presbyterian,3,4,62,71,Presbyterian
South Carolina Upstate,Presbyterian,65,51,South Carolina Upstate,9,5,56,46,South Carolina Upstate
Radford,Norfolk St,54,57,Norfolk St,7,9,47,48,Norfolk St
Radford,James Madison,59,67,James Madison,4,7,55,60,James Madison
Mars Hill,Radford,50,98,Radford,5,8,45,90,Radford
Radford,Vanderbilt,50,59,Vanderbilt,1,8,49,51,Vanderbilt
Radford,UNC Asheville,68,76,UNC Asheville,5,13,63,63,Radford
Radford,UNC Asheville,73,63,Radford,5,6,68,57,Radford
South Carolina Upstate,Radford,61,63,Radford,8,1,53,62,Radford
South Carolina Upstate,Radford,66,102,Radford,6,13,60,89,Radford
Winthrop,Radford,80,64,Winthrop,9,7,71,57,Winthrop
Winthrop,Radford,55,47,Winthrop,8,1,47,46,Winthrop
Mount Aloysius,Radford,51,74,Radford,8,6,43,68,Radford
South Wesleyan,South Carolina Upstate,82,72,South Wesleyan,11,7,71,65,South Wesleyan
South Carolina Upstate,Furman,63,91,Furman,8,8,55,83,Furman
Eastern Kentucky,South Carolina Upstate,95,78,Eastern Kentucky,10,7,85,71,Eastern Kentucky
Georgia Southern,South Carolina Upstate,72,69,Georgia Southern,2,10,70,59,Georgia Southern
Winthrop,South Carolina Upstate,95,77,Winthrop,13,10,82,67,Winthrop
Winthrop,South Carolina Upstate,107,77,Winthrop,16,12,91,65,Winthrop
South Carolina Upstate,UNC Greensboro,57,65,UNC Greensboro,7,6,50,59,UNC Greensboro
South Carolina Upstate,Tennessee,60,80,Tennessee,9,5,51,75,Tennessee
UNC Wilmington,UNC Asheville,76,68,UNC Wilmington,4,3,72,65,UNC Wilmington
Western Carolina,UNC Asheville,83,81,Western Carolina,5,6,78,75,Western Carolina
South Carolina State,UNC Asheville,56,77,UNC Asheville,3,9,53,68,UNC Asheville
UNC Asheville,Chattanooga,66,69,Chattanooga,6,9,60,60,High Point
UNC Asheville,Marshall,67,88,Marshall,9,12,58,76,Marshall
Radford,UNC Asheville,68,76,UNC Asheville,5,13,63,63,Gardner-Webb
UNC Asheville,Winthrop,80,84,Winthrop,11,10,69,74,Winthrop
UNC Asheville,Winthrop,57,55,UNC Asheville,6,3,51,52,Winthrop
Winthrop,UNC Greensboro,75,67,Winthrop,6,7,69,60,Winthrop
Winthrop,Little Rock,80,75,Winthrop,5,7,75,68,Winthrop
Furman,Winthrop,71,87,Winthrop,6,8,65,79,Winthrop
North Carolina A&T,Illinois,60,122,Illinois,5,17,55,105,Illinois
Chicago State,Illinois,38,97,Illinois,4,7,34,90,Illinois
Ohio,Illinois,75,77,Illinois,9,6,66,71,Illinois
Illinois,Missouri,78,81,Missouri,3,5,75,76,Missouri
Minnesota,Illinois,65,92,Illinois,7,7,58,85,Illinois
Illinois,Rutgers,88,91,Rutgers,9,8,79,83,Rutgers
Illinois,Penn State,98,81,Illinois,5,7,93,74,Illinois
Indiana,Illinois,60,69,Illinois,7,7,53,62,Illinois
Purdue,Illinois,58,66,Illinois,7,7,51,59,Illinois
Illinois,Northwestern,81,56,Illinois,11,6,70,50,Illinois
Maryland,Illinois,66,63,Maryland,8,5,58,58,Illinois
Ohio State,Illinois,87,81,Ohio State,11,9,76,72,Ohio State
Penn State,Illinois,65,79,Illinois,7,7,58,72,Illinois
Iowa,Illinois,75,80,Illinois,10,8,65,72,Illinois
Illinois,Indiana,75,71,Illinois,7,4,68,67,Illinois
Wisconsin,Illinois,60,75,Illinois,4,5,56,70,Illinois
Illinois,Nebraska,77,72,Illinois,7,7,70,65,Illinois
Northwestern,Illinois,66,73,Illinois,6,8,60,65,Illinois
Illinois,Minnesota,94,63,Illinois,7,8,87,55,Illinois
Illinois,Michigan State,72,81,Michigan State,5,4,67,77,Michigan State
Nebraska,Illinois,70,86,Illinois,5,4,65,82,Illinois
Illinois,Wisconsin,74,69,Illinois,5,10,69,59,Illinois
Tennessee Tech,Indiana,59,89,Indiana,5,5,54,84,Indiana
Indiana,Stanford,79,63,Indiana,5,5,74,58,Indiana
Northwestern,Indiana,74,67,Northwestern,7,7,67,60,Northwestern
Penn State,Indiana,85,87,Indiana,12,6,73,81,Indiana
Maryland,Indiana,55,63,Indiana,7,4,48,59,Indiana
Indiana,Wisconsin,73,80,Wisconsin,8,8,65,72,Wisconsin
Indiana,Nebraska,84,76,Indiana,9,9,75,67,Indiana
Purdue,Indiana,81,69,Purdue,11,3,70,66,Purdue
Indiana,Iowa,81,69,Indiana,8,5,73,64,Indiana
Rutgers,Indiana,74,70,Rutgers,8,10,66,60,Rutgers
Iowa,Indiana,65,67,Indiana,8,6,57,61,Indiana
Indiana,Northwestern,79,76,Indiana,8,10,71,66,Indiana
Indiana,Ohio State,59,78,Ohio State,5,7,54,71,Ohio State
Minnesota,Indiana,72,82,Indiana,4,7,68,75,Indiana
Michigan State,Indiana,78,71,Michigan State,7,4,71,67,Michigan State
Indiana,Rutgers,63,74,Rutgers,8,11,55,63,Rutgers
Michigan,Indiana,73,57,Michigan,8,4,65,53,Michigan
North Carolina Central,Iowa,67,97,Iowa,6,10,61,87,Iowa
Southern,Iowa,76,103,Iowa,7,12,69,91,Iowa
Western Illinois,Iowa,58,99,Iowa,6,8,52,91,Iowa
Northern Illinois,Iowa,53,106,Iowa,2,12,51,94,Iowa
Iowa,Gonzaga,88,99,Gonzaga,4,13,84,86,Gonzaga
Purdue,Iowa,55,70,Iowa,8,12,47,58,Iowa
Iowa,Minnesota,95,102,Minnesota,10,17,85,85,Iowa
Northwestern,Iowa,72,87,Iowa,11,11,61,76,Iowa
Iowa,Rutgers,77,75,Iowa,7,9,70,66,Iowa
Iowa,Maryland,89,67,Iowa,13,12,76,55,Iowa
Minnesota,Iowa,71,86,Iowa,10,9,61,77,Iowa
Iowa,Northwestern,96,73,Iowa,10,9,86,64,Iowa
Michigan State,Iowa,78,84,Iowa,12,5,66,79,Iowa
Ohio State,Iowa,89,85,Ohio State,14,14,75,71,Ohio State
Rutgers,Iowa,66,79,Iowa,6,11,60,68,Iowa
Iowa,Michigan State,88,58,Iowa,13,6,75,52,Iowa
Iowa,Wisconsin,77,62,Iowa,12,13,65,49,Iowa
Penn State,Iowa,68,74,Iowa,11,10,57,64,Iowa
Iowa,Michigan,57,79,Michigan,6,8,51,71,Michigan
Iowa,Ohio State,73,57,Iowa,10,5,63,52,Iowa
Old Dominion,Maryland,67,85,Maryland,6,10,61,75,Maryland
Navy,Maryland,52,82,Maryland,6,8,46,74,Maryland
Mount St. Mary's,Maryland,61,79,Maryland,8,7,53,72,Maryland
Saint Peter's,Maryland,57,90,Maryland,8,9,49,81,Maryland
Rutgers,Maryland,74,60,Rutgers,9,4,65,56,Rutgers
Maryland,Purdue,70,73,Purdue,10,10,60,63,Purdue
Maryland,Wisconsin,70,64,Maryland,6,8,64,56,Maryland
Michigan,Maryland,84,73,Michigan,6,13,78,60,Michigan
Maryland,Illinois,66,63,Maryland,8,5,58,58,Iowa
Wingate,Maryland,58,100,Maryland,6,12,52,88,Maryland
Maryland,Michigan,63,87,Michigan,4,12,59,75,Michigan
Maryland,Minnesota,63,49,Maryland,8,5,55,44,Maryland
Wisconsin,Maryland,61,55,Wisconsin,10,9,51,46,Wisconsin
Purdue,Maryland,60,61,Maryland,4,9,56,52,Purdue
Maryland,Penn State,50,55,Penn State,3,5,47,50,Penn State
Ohio State,Maryland,73,65,Ohio State,10,5,63,60,Ohio State
Minnesota,Maryland,59,72,Maryland,8,10,51,62,Maryland
Nebraska,Maryland,50,64,Maryland,8,9,42,55,Maryland
Nebraska,Maryland,71,79,Maryland,13,13,58,66,Maryland
Maryland,Rutgers,68,59,Maryland,6,5,62,54,Maryland
Michigan State,Maryland,55,73,Maryland,8,8,47,65,Maryland
Eastern Michigan,Michigan State,67,83,Michigan State,4,12,63,71,Michigan State
Detroit Mercy,Michigan State,76,83,Michigan State,5,6,71,77,Michigan State
Western Michigan,Michigan State,61,79,Michigan State,5,10,56,69,Michigan State
Oakland,Michigan State,91,109,Michigan State,18,15,73,94,Michigan State
Michigan State,Northwestern,65,79,Northwestern,8,10,57,69,Northwestern
Wisconsin,Michigan State,85,76,Wisconsin,8,8,77,68,Wisconsin
Michigan State,Minnesota,56,81,Minnesota,6,6,50,75,Minnesota
Michigan State,Nebraska,84,77,Michigan State,7,9,77,68,Michigan State
Rutgers,Michigan State,45,68,Michigan State,3,6,42,62,Michigan State
Purdue,Michigan State,55,54,Purdue,3,3,52,51,Purdue
Michigan State,Rutgers,37,67,Rutgers,4,5,33,62,Rutgers
Michigan State,Ohio State,62,79,Ohio State,5,6,57,73,Ohio State
Nebraska,Michigan State,56,66,Michigan State,3,6,53,60,Michigan State
Penn State,Michigan State,58,60,Michigan State,5,4,53,56,Michigan State
Michigan State,Purdue,65,75,Purdue,7,3,58,72,Purdue
Ohio State,Michigan State,67,71,Michigan State,4,4,63,67,Michigan State
Bowling Green,Michigan,82,96,Michigan,12,10,70,86,Michigan
Oakland,Michigan,71,81,Michigan,8,8,63,73,Michigan
Ball State,Michigan,65,84,Michigan,7,4,58,80,Michigan
Toledo,Michigan,71,91,Michigan,9,9,62,82,Michigan
Penn State,Michigan,58,62,Michigan,7,5,51,57,Michigan
Michigan,Nebraska,80,69,Michigan,9,7,71,62,Michigan
Northwestern,Michigan,66,85,Michigan,5,12,61,73,Michigan
Minnesota,Michigan,57,82,Michigan,7,4,50,78,Michigan
Wisconsin,Michigan,54,77,Michigan,9,9,45,68,Michigan
Michigan,Minnesota,57,75,Minnesota,6,4,51,71,Minnesota
Michigan,Purdue,70,53,Michigan,6,2,64,51,Michigan
Michigan,Wisconsin,67,59,Michigan,7,6,60,53,Michigan
Rutgers,Michigan,64,71,Michigan,3,6,61,65,Michigan
Michigan,Ohio State,92,87,Michigan,11,11,81,76,Michigan
Green Bay,Minnesota,69,99,Minnesota,3,7,66,92,Minnesota
Loyola Marymount,Minnesota,73,88,Minnesota,6,8,67,80,Minnesota
Loyola Marymount,Minnesota,64,67,Minnesota,5,4,59,63,Minnesota
North Dakota,Minnesota,67,76,Minnesota,8,5,59,71,Minnesota
UM Kansas City,Minnesota,61,90,Minnesota,7,8,54,82,Minnesota
Saint Louis,Minnesota,82,90,Minnesota,2,10,80,80,Illinois
Iowa,Minnesota,95,102,Minnesota,10,17,85,85,Illinois
Minnesota,Wisconsin,59,71,Wisconsin,7,6,52,65,Wisconsin
Ohio State,Minnesota,60,77,Minnesota,7,9,53,68,Minnesota
Minnesota,Purdue,62,81,Purdue,10,8,52,73,Purdue
Minnesota,Rutgers,72,76,Rutgers,6,6,66,70,Rutgers
Nebraska,Minnesota,61,79,Minnesota,3,8,58,71,Minnesota
Purdue,Minnesota,68,71,Minnesota,2,7,66,64,Purdue
Northwestern,Minnesota,67,59,Northwestern,7,4,60,55,Northwestern
Minnesota,Nebraska,74,78,Nebraska,8,9,66,69,Nebraska
McNeese,Nebraska,55,102,Nebraska,7,10,48,92,Nebraska
Nevada,Nebraska,69,66,Nevada,6,9,63,57,Nevada
North Dakota State,Nebraska,57,79,Nebraska,6,9,51,70,Nebraska
South Dakota,Nebraska,69,76,Nebraska,7,7,62,69,Nebraska
Doane,Nebraska,64,110,Nebraska,13,12,51,98,Nebraska
Nebraska,Wisconsin,53,67,Wisconsin,8,8,45,59,Wisconsin
Nebraska,Ohio State,54,90,Ohio State,5,12,49,78,Ohio State
Wisconsin,Nebraska,61,48,Wisconsin,9,5,52,43,Wisconsin
Nebraska,Penn State,62,61,Nebraska,7,9,55,52,Nebraska
Purdue,Nebraska,75,58,Purdue,10,9,65,49,Purdue
Penn State,Nebraska,86,83,Penn State,14,12,72,71,Penn State
Arkansas-Pine Bluff,Northwestern,49,92,Northwestern,2,14,47,78,Northwestern
Chicago State,Northwestern,66,111,Northwestern,9,11,57,100,Northwestern
Quincy,Northwestern,48,100,Northwestern,8,14,40,86,Northwestern
Ohio State,Northwestern,70,71,Northwestern,4,6,66,65,Ohio State
Northwestern,Ohio State,71,81,Ohio State,6,10,65,71,Ohio State
Northwestern,Wisconsin,52,68,Wisconsin,7,10,45,58,Wisconsin
Northwestern,Penn State,78,81,Penn State,11,9,67,72,Penn State
Rutgers,Northwestern,64,56,Rutgers,5,4,59,52,Rutgers
Northwestern,Purdue,70,75,Purdue,10,8,60,67,Purdue
Northwestern,Rutgers,50,64,Rutgers,6,4,44,60,Rutgers
Wisconsin,Northwestern,68,51,Wisconsin,9,6,59,45,Wisconsin
Illinois State,Ohio State,67,94,Ohio State,9,6,58,88,Ohio State
Morehead State,Ohio State,44,77,Ohio State,7,10,37,67,Ohio State
Cleveland State,Ohio State,61,67,Ohio State,6,6,55,61,Ohio State
Ohio State,Purdue,60,67,Purdue,6,6,54,61,Purdue
UCLA,Ohio State,70,77,Ohio State,4,8,66,69,Ohio State
Rutgers,Ohio State,68,80,Ohio State,10,4,58,76,Ohio State
Ohio State,Rutgers,79,68,Ohio State,10,5,69,63,Ohio State
Purdue,Ohio State,67,65,Purdue,5,14,62,51,Purdue
Ohio State,Wisconsin,74,62,Ohio State,5,7,69,55,Ohio State
Penn State,Ohio State,79,83,Ohio State,9,7,70,76,Ohio State
Ohio State,Penn State,92,82,Ohio State,11,12,81,70,Ohio State
VMI,Penn State,65,86,Penn State,9,11,56,75,Penn State
Penn State,Purdue,72,80,Purdue,10,6,62,74,Purdue
Rutgers,Penn State,67,75,Penn State,7,6,60,69,Penn State
Wisconsin,Penn State,71,81,Penn State,7,8,64,73,Penn State
Penn State,Wisconsin,56,72,Wisconsin,6,9,50,63,Wisconsin
Purdue,Penn State,73,52,Purdue,7,6,66,46,Purdue
Oakland,Purdue,50,93,Purdue,3,17,47,76,Purdue
Valparaiso,Purdue,61,68,Purdue,8,6,53,62,Purdue
Indiana State,Purdue,68,80,Purdue,7,6,61,74,Purdue
Purdue,Rutgers,76,81,Rutgers,7,11,69,70,Rutgers
Sacred Heart,Rutgers,63,86,Rutgers,9,1,54,85,Rutgers
Fairleigh Dickinson,Rutgers,75,96,Rutgers,8,7,67,89,Rutgers
Hofstra,Rutgers,56,70,Rutgers,6,4,50,66,Rutgers
Wisconsin,Rutgers,60,54,Wisconsin,6,2,54,52,Wisconsin
Eastern Illinois,Wisconsin,67,77,Wisconsin,6,7,61,70,Wisconsin
Arkansas-Pine Bluff,Wisconsin,58,92,Wisconsin,6,10,52,82,Wisconsin
Green Bay,Wisconsin,42,82,Wisconsin,3,9,39,73,Wisconsin
Loyola Chicago,Wisconsin,63,77,Wisconsin,9,10,54,67,Wisconsin
CSU Bakersfield,Santa Clara,47,53,Santa Clara,1,1,46,52,Santa Clara
Bethesda,CSU Bakersfield,43,94,CSU Bakersfield,3,8,40,86,CSU Bakersfield
CSU Bakersfield,Arizona,60,85,Arizona,4,12,56,73,Arizona
St. Katherine,CSU Bakersfield,46,87,CSU Bakersfield,10,11,36,76,CSU Bakersfield
CSU Bakersfield,Stanford,50,63,Stanford,7,2,43,61,Stanford
CSU Bakersfield,Pepperdine,79,51,CSU Bakersfield,6,4,73,47,CSU Bakersfield
CSU Bakersfield,Long Beach State,89,90,Long Beach State,6,12,83,78,CSU Bakersfield
CSU Bakersfield,Long Beach State,89,76,CSU Bakersfield,6,7,83,69,CSU Bakersfield
Cal Poly,CSU Bakersfield,49,62,CSU Bakersfield,4,4,45,58,CSU Bakersfield
Cal Poly,CSU Bakersfield,50,65,CSU Bakersfield,3,6,47,59,CSU Bakersfield
CSU Bakersfield,Hawai'i,60,55,CSU Bakersfield,4,5,56,50,CSU Bakersfield
CSU Bakersfield,Hawai'i,83,72,CSU Bakersfield,5,10,78,62,CSU Bakersfield
CSU Bakersfield,UC Riverside,47,45,CSU Bakersfield,5,3,42,42,CSU Bakersfield
CSU Bakersfield,UC Riverside,63,70,UC Riverside,5,8,58,62,UC Riverside
CSU Fullerton,CSU Bakersfield,90,84,CSU Fullerton,11,7,79,77,CSU Fullerton
CSU Fullerton,CSU Bakersfield,73,83,CSU Bakersfield,9,2,64,81,CSU Bakersfield
CSU Bakersfield,UC Irvine,53,70,UC Irvine,4,5,49,65,UC Irvine
CSU Bakersfield,UC Irvine,62,57,CSU Bakersfield,4,5,58,52,CSU Bakersfield
UC San Diego,CSU Bakersfield,71,76,CSU Bakersfield,12,8,59,68,CSU Bakersfield
UC San Diego,CSU Bakersfield,50,65,CSU Bakersfield,9,9,41,56,CSU Bakersfield
CSU Bakersfield,UC Santa Barbara,66,71,UC Santa Barbara,8,9,58,62,UC Santa Barbara
CSU Bakersfield,UC Santa Barbara,44,63,UC Santa Barbara,3,10,41,53,UC Santa Barbara
CSU Northridge,CSU Bakersfield,58,84,CSU Bakersfield,6,9,52,75,CSU Bakersfield
CSU Northridge,CSU Bakersfield,90,87,CSU Northridge,8,10,82,77,CSU Northridge
San Diego Christian,CSU Fullerton,70,94,CSU Fullerton,11,11,59,83,CSU Fullerton
CSU Fullerton,UC Santa Barbara,63,81,UC Santa Barbara,5,6,58,75,UC Santa Barbara
CSU Fullerton,UC Santa Barbara,61,65,UC Santa Barbara,8,3,53,62,UC Santa Barbara
Long Beach State,CSU Fullerton,82,80,Long Beach State,10,6,72,74,CSU Fullerton
Long Beach State,CSU Fullerton,72,75,CSU Fullerton,11,7,61,68,CSU Fullerton
CSU Northridge,CSU Fullerton,86,85,CSU Northridge,10,11,76,74,CSU Northridge
CSU Northridge,CSU Fullerton,77,85,CSU Fullerton,9,6,68,79,CSU Fullerton
Hawai'i,CSU Fullerton,67,83,CSU Fullerton,9,9,58,74,CSU Fullerton
Hawai'i,CSU Fullerton,76,53,Hawai'i,8,4,68,49,Hawai'i
UC Irvine,CSU Fullerton,89,78,UC Irvine,6,10,83,68,UC Irvine
UC Irvine,CSU Fullerton,64,67,CSU Fullerton,3,5,61,62,CSU Fullerton
Westmont,CSU Northridge,79,97,CSU Northridge,8,13,71,84,CSU Northridge
Air Force,CSU Northridge,66,61,Air Force,11,7,55,54,Air Force
CSU Northridge,Seattle U,76,65,CSU Northridge,5,7,71,58,CSU Northridge
CSU Northridge,Pepperdine,89,84,CSU Northridge,7,8,82,76,CSU Northridge
Stanford,CSU Northridge,82,71,Stanford,4,12,78,59,Stanford
CSU Northridge,California,56,87,California,7,9,49,78,California
New Mexico State,CSU Northridge,63,66,CSU Northridge,7,6,56,60,CSU Northridge
UC Santa Barbara,CSU Northridge,105,58,UC Santa Barbara,11,6,94,52,UC Santa Barbara
UC Santa Barbara,CSU Northridge,80,66,UC Santa Barbara,6,5,74,61,UC Santa Barbara
CSU Northridge,Cal Poly,70,76,Cal Poly,6,9,64,67,Cal Poly
CSU Northridge,Cal Poly,64,51,CSU Northridge,8,7,56,44,CSU Northridge
UC Davis,CSU Northridge,77,80,CSU Northridge,3,8,74,72,UC Davis
UC Davis,CSU Northridge,75,63,UC Davis,10,7,65,56,UC Davis
Hawai'i,CSU Northridge,75,74,Hawai'i,9,10,66,64,Hawai'i
Hawai'i,CSU Northridge,80,88,CSU Northridge,13,13,67,75,CSU Northridge
Bethesda,Cal Poly,46,100,Cal Poly,8,11,38,89,Cal Poly
San Francisco,Cal Poly,88,60,San Francisco,10,3,78,57,San Francisco
Santa Clara,Cal Poly,76,69,Santa Clara,5,7,71,62,Santa Clara
San José St,Cal Poly,71,73,Cal Poly,6,4,65,69,Cal Poly
San Diego,Cal Poly,70,61,San Diego,3,6,67,55,San Diego
Cal Poly,Loyola Marymount,52,76,Loyola Marymount,6,6,46,70,Loyola Marymount
UC Riverside,Cal Poly,86,51,UC Riverside,12,7,74,44,UC Riverside
UC Riverside,Cal Poly,70,53,UC Riverside,10,8,60,45,UC Riverside
Cal Poly,UC Irvine,49,68,UC Irvine,7,4,42,64,UC Irvine
Cal Poly,UC Irvine,44,67,UC Irvine,5,5,39,62,UC Irvine
Cal Poly,Hawai'i,68,84,Hawai'i,10,9,58,75,Hawai'i
Cal Poly,Hawai'i,64,81,Hawai'i,2,9,62,72,Hawai'i
Cal Poly,Long Beach State,60,64,Long Beach State,6,2,54,62,Long Beach State
Cal Poly,Long Beach State,69,74,Long Beach State,10,8,59,66,Long Beach State
UC Davis,Cal Poly,69,61,UC Davis,7,3,62,58,UC Davis
UC Davis,Cal Poly,68,66,UC Davis,5,9,63,57,UC Davis
Hawaii Pacific,Hawai'i,50,83,Hawai'i,5,6,45,77,Hawai'i
Hawaii Hilo,Hawai'i,66,89,Hawai'i,4,9,62,80,Hawai'i
Hawai'i,UC Riverside,88,83,Hawai'i,8,7,80,76,Hawai'i
Hawai'i,UC Riverside,68,70,UC Riverside,8,7,60,63,UC Riverside
UC Irvine,Hawai'i,53,51,UC Irvine,1,5,52,46,UC Irvine
UC Irvine,Hawai'i,61,62,Hawai'i,3,7,58,55,UC Irvine
UC Santa Barbara,Hawai'i,59,50,UC Santa Barbara,3,4,56,46,UC Santa Barbara
UC Santa Barbara,Hawai'i,81,74,UC Santa Barbara,3,8,78,66,UC Santa Barbara
Long Beach State,Hawai'i,76,78,Hawai'i,7,7,69,71,Hawai'i
Long Beach State,Hawai'i,76,79,Hawai'i,8,9,68,70,Hawai'i
Long Beach State,Loyola Marymount,61,85,Loyola Marymount,4,15,57,70,Loyola Marymount
Seattle U,Long Beach State,75,80,Long Beach State,13,5,62,75,Long Beach State
Long Beach State,San Francisco,62,107,San Francisco,4,18,58,89,San Francisco
Long Beach State,California Baptist,75,96,California Baptist,8,11,67,85,California Baptist
Long Beach State,UC Davis,66,68,UC Davis,4,7,62,61,Long Beach State
Long Beach State,UC Davis,76,78,UC Davis,5,8,71,70,Long Beach State
UC Davis,Nicholls,93,101,Nicholls,7,9,86,92,Nicholls
William Jessup,UC Davis,62,95,UC Davis,5,6,57,89,UC Davis
UC Davis,UC San Diego,69,89,UC San Diego,4,11,65,78,UC San Diego
UC Davis,UC San Diego,78,71,UC Davis,9,6,69,65,UC Davis
UC Santa Barbara,UC Davis,72,51,UC Santa Barbara,5,3,67,48,UC Santa Barbara
UC Santa Barbara,UC Davis,89,86,UC Santa Barbara,11,8,78,78,UC Santa Barbara
UC Irvine,Pepperdine,72,86,Pepperdine,6,8,66,78,Pepperdine
UC Irvine,San Diego State,58,77,San Diego State,5,13,53,64,San Diego State
Bethesda,UC Irvine,55,135,UC Irvine,9,8,46,127,UC Irvine
La Sierra University,UC Irvine,54,104,UC Irvine,7,6,47,98,UC Irvine
UC Irvine,USC,56,91,USC,4,12,52,79,USC
UC Irvine,Loyola Marymount,48,51,Loyola Marymount,3,2,45,49,Loyola Marymount
San Diego,UC Irvine,53,85,UC Irvine,5,7,48,78,UC Irvine
UC Santa Barbara,UC Irvine,56,75,UC Irvine,3,3,53,72,UC Irvine
UC Santa Barbara,UC Irvine,69,73,UC Irvine,8,7,61,66,UC Irvine
UC Irvine,UC San Diego,79,65,UC Irvine,9,8,70,57,UC Irvine
UC Irvine,UC Riverside,65,86,UC Riverside,5,14,60,72,UC Riverside
UC Irvine,UC Riverside,73,67,UC Irvine,7,12,66,55,UC Irvine
UC San Diego,UC Irvine,55,80,UC Irvine,9,1,46,79,UC Irvine
UC San Diego,UC Irvine,64,75,UC Irvine,12,6,52,69,UC Irvine
UC Riverside,Pacific,60,66,Pacific,6,5,54,61,Pacific
UC Riverside,Washington,57,42,UC Riverside,6,3,51,39,UC Riverside
UC Riverside,Denver,83,63,UC Riverside,15,4,68,59,UC Riverside
UC Riverside,USC,62,67,USC,12,3,50,64,USC
CSU Bakersfield,UC Riverside,47,45,CSU Bakersfield,5,3,42,42,UC Riverside
UC San Diego,UC Riverside,59,71,UC Riverside,11,13,48,58,UC Riverside
UC Riverside,UC San Diego,81,75,UC Riverside,14,10,67,65,UC Riverside
UC Riverside,UC San Diego,82,83,UC San Diego,6,15,76,68,UC Riverside
UC Santa Barbara,UC Riverside,72,68,UC Santa Barbara,5,4,67,64,UC Santa Barbara
UC Santa Barbara,UC Riverside,52,68,UC Riverside,4,7,48,61,UC Riverside
St. Katherine,UC San Diego,51,77,UC San Diego,1,10,50,67,UC San Diego
St. Katherine,UC San Diego,39,75,UC San Diego,3,14,36,61,UC San Diego
UC San Diego,UC Santa Barbara,52,69,UC Santa Barbara,8,6,44,63,UC Santa Barbara
UC San Diego,UC Santa Barbara,53,84,UC Santa Barbara,5,8,48,76,UC Santa Barbara
Bethesda,UC San Diego,64,101,UC San Diego,10,22,54,79,UC San Diego
St. Katherine,UC Santa Barbara,55,92,UC Santa Barbara,6,8,49,84,UC Santa Barbara
Bethesda,UC Santa Barbara,52,123,UC Santa Barbara,9,11,43,112,UC Santa Barbara
Loyola Marymount,UC Santa Barbara,58,69,UC Santa Barbara,1,7,57,62,UC Santa Barbara
UC Santa Barbara,Loyola Marymount,76,81,Loyola Marymount,11,11,65,70,Loyola Marymount
UC Santa Barbara,Pepperdine,75,63,UC Santa Barbara,9,3,66,60,UC Santa Barbara
Limestone,Charleston,59,99,Charleston,8,7,51,92,Charleston
Furman,Charleston,81,57,Furman,16,5,65,52,Furman
Marshall,Charleston,84,72,Marshall,12,12,72,60,Marshall
South Carolina State,Charleston,63,90,Charleston,7,9,56,81,Charleston
Western Carolina,Charleston,76,70,Western Carolina,5,7,71,63,Western Carolina
Charleston,Georgia State,55,72,Georgia State,8,11,47,61,Georgia State
Charleston,Delaware,67,70,Delaware,8,6,59,64,Delaware
Charleston,Delaware,66,59,Charleston,9,7,57,52,Charleston
Drexel,Charleston,60,61,Charleston,4,8,56,53,Drexel
Drexel,Charleston,68,73,Charleston,7,9,61,64,Charleston
Northeastern,Charleston,67,62,Northeastern,7,7,60,55,Northeastern
Northeastern,Charleston,68,66,Northeastern,10,6,58,60,Charleston
Towson,Charleston,88,90,Charleston,9,11,79,79,Charleston
Towson,Charleston,53,66,Charleston,3,8,50,58,Charleston
Elon,Charleston,53,71,Charleston,7,12,46,59,Charleston
Elon,Charleston,66,55,Elon,9,7,57,48,Elon
Columbus State,Charleston,83,86,Charleston,7,7,76,79,Charleston
Salem University,Delaware,76,79,Delaware,15,16,61,63,Delaware
Morgan St,Delaware,65,59,Morgan St,7,7,58,52,Morgan St
Delaware,William & Mary,62,67,William & Mary,4,5,58,62,William & Mary
Hofstra,Delaware,56,74,Delaware,3,4,53,70,Delaware
Hofstra,Delaware,68,67,Hofstra,3,3,65,64,Hofstra
Delaware,UNC Wilmington,70,77,UNC Wilmington,4,6,66,71,UNC Wilmington
Delaware,UNC Wilmington,67,62,Delaware,4,3,63,59,Delaware
Elon,Delaware,43,66,Delaware,3,9,40,57,Delaware
Elon,Delaware,70,75,Delaware,9,9,61,66,Delaware
Drexel,Quinnipiac,66,48,Drexel,7,1,59,47,Drexel
Quinnipiac,Drexel,58,70,Drexel,5,6,53,64,Drexel
Coppin State,Drexel,54,69,Drexel,4,9,50,60,Drexel
Saint Joseph's,Drexel,77,81,Drexel,4,8,73,73,La Salle
Drexel,Fairleigh Dickinson,85,68,Drexel,7,8,78,60,Drexel
William & Mary,Drexel,58,82,Drexel,6,7,52,75,Drexel
William & Mary,Drexel,69,64,William & Mary,5,8,64,56,William & Mary
Drexel,William & Mary,79,64,Drexel,6,5,73,59,Drexel
Drexel,James Madison,64,73,James Madison,6,7,58,66,James Madison
Drexel,Hofstra,73,71,Drexel,10,9,63,62,Drexel
Drexel,Hofstra,74,79,Hofstra,6,8,68,71,Hofstra
Drexel,James Madison,84,78,Drexel,12,8,72,70,Drexel
NC Wesleyan,Elon,52,82,Elon,0,5,52,77,Elon
UNC Greensboro,Elon,71,64,UNC Greensboro,9,6,62,58,UNC Greensboro
Elon,Northeastern,52,75,Northeastern,6,8,46,67,Northeastern
Elon,Northeastern,58,66,Northeastern,5,7,53,59,Northeastern
Elon,James Madison,57,78,James Madison,9,9,48,69,James Madison
James Madison,Elon,70,61,James Madison,6,10,64,51,James Madison
Elon,William & Mary,75,54,Elon,10,6,65,48,Elon
William & Mary,Elon,54,73,Elon,4,8,50,65,Elon
Elon,UNC Wilmington,80,77,Elon,11,7,69,70,UNC Wilmington
Fairleigh Dickinson,Hofstra,58,73,Hofstra,7,6,51,67,Hofstra
Iona,Hofstra,82,74,Iona,10,6,72,68,Iona
Hofstra,Monmouth,96,88,Hofstra,11,15,85,73,Hofstra
William & Mary,Hofstra,56,61,Hofstra,8,2,48,59,Hofstra
William & Mary,Hofstra,73,82,Hofstra,6,6,67,76,Hofstra
Northeastern,Hofstra,81,78,Northeastern,10,5,71,73,Hofstra
Hofstra,Northeastern,56,67,Northeastern,5,15,51,52,Northeastern
Towson,Hofstra,58,71,Hofstra,4,11,54,60,Hofstra
Towson,Hofstra,69,74,Hofstra,3,12,66,62,Towson
Hofstra,UNC Wilmington,82,73,Hofstra,7,8,75,65,Hofstra
Hofstra,UNC Wilmington,89,83,Hofstra,5,9,84,74,Hofstra
Hofstra,James Madison,89,93,James Madison,17,7,72,86,James Madison
Hofstra,James Madison,70,74,James Madison,8,8,62,66,James Madison
Limestone,James Madison,55,89,James Madison,9,5,46,84,James Madison
Norfolk St,James Madison,83,73,Norfolk St,10,9,73,64,Norfolk St
Alice Lloyd College,James Madison,55,98,James Madison,5,13,50,85,James Madison
Morgan St,James Madison,80,73,Morgan St,11,7,69,66,Morgan St
Florida Atlantic,James Madison,70,79,James Madison,7,4,63,75,James Madison
Chowan,James Madison,76,100,James Madison,9,11,67,89,James Madison
James Madison,Towson,81,72,James Madison,15,5,66,67,Towson
James Madison,Northeastern,63,72,Northeastern,8,9,55,63,Northeastern
James Madison,Northeastern,79,72,James Madison,12,9,67,63,James Madison
Towson,James Madison,63,78,James Madison,5,9,58,69,James Madison
Northeastern,Old Dominion,62,66,Old Dominion,7,6,55,60,Old Dominion
Northeastern,Georgia,58,76,Georgia,12,5,46,71,Georgia
Northeastern,Towson,76,67,Northeastern,10,5,66,62,Northeastern
Northeastern,Towson,57,68,Towson,6,5,51,63,Towson
Towson,San Francisco,68,79,San Francisco,5,13,63,66,San Francisco
Buffalo,Towson,74,65,Buffalo,5,3,69,62,Buffalo
Towson,George Mason,65,70,George Mason,4,9,61,61,Buffalo
Coppin State,Towson,73,78,Towson,12,5,61,73,Towson
UNC Wilmington,Towson,69,72,Towson,6,1,63,71,Towson
UNC Wilmington,Towson,74,78,Towson,7,5,67,73,Towson
William & Mary,Towson,84,74,William & Mary,6,11,78,63,William & Mary
William & Mary,Towson,75,74,William & Mary,4,9,71,65,William & Mary
Towson,Charleston,88,90,Charleston,9,11,79,79,William & Mary
Western Carolina,UNC Wilmington,98,76,Western Carolina,10,8,88,68,Western Carolina
UNC Wilmington,Troy,73,50,UNC Wilmington,12,5,61,45,UNC Wilmington
St. Andrews,UNC Wilmington,66,116,UNC Wilmington,5,12,61,104,UNC Wilmington
UNC Wilmington,Ole Miss,58,78,Ole Miss,9,4,49,74,Ole Miss
UNC Wilmington,Norfolk St,80,72,UNC Wilmington,8,4,72,68,UNC Wilmington
Delaware State,UNC Wilmington,63,87,UNC Wilmington,4,6,59,81,UNC Wilmington
William & Mary,Old Dominion,78,86,Old Dominion,12,7,66,79,Old Dominion
Georgia State,Charlotte,76,65,Georgia State,11,6,65,59,Georgia State
South Carolina State,Charlotte,40,78,Charlotte,7,9,33,69,Charlotte
Appalachian State,Charlotte,61,57,Appalachian State,5,8,56,49,Appalachian State
North Carolina A&T,Charlotte,72,76,Charlotte,10,6,62,70,Charlotte
Western Kentucky,Charlotte,67,63,Western Kentucky,5,6,62,57,Western Kentucky
Western Kentucky,Charlotte,71,75,Charlotte,4,6,67,69,Charlotte
Belmont Abbey,Charlotte,75,72,Belmont Abbey,12,6,63,66,Charlotte
UAB,Charlotte,61,37,UAB,6,3,55,34,UAB
UAB,Charlotte,55,70,Charlotte,1,10,54,60,Charlotte
Charlotte,Florida Atlantic,53,66,Florida Atlantic,6,11,47,55,Florida Atlantic
Charlotte,Florida Atlantic,74,71,Charlotte,4,5,70,66,Charlotte
Florida International,Charlotte,55,63,Charlotte,6,4,49,59,Charlotte
Florida International,Charlotte,65,68,Charlotte,9,9,56,59,Charlotte
Charlotte,Middle Tennessee,65,66,Middle Tennessee,3,7,62,59,Charlotte
Charlotte,Middle Tennessee,60,73,Middle Tennessee,5,12,55,61,Middle Tennessee
Old Dominion,Charlotte,78,76,Old Dominion,3,9,75,67,Old Dominion
Charlotte,Old Dominion,45,64,Old Dominion,4,5,41,59,Old Dominion
Charlotte,UTEP,47,70,UTEP,4,6,43,64,UTEP
Charlotte,UTEP,62,77,UTEP,4,10,58,67,UTEP
Florida Atlantic,South Alabama,66,68,South Alabama,13,8,53,60,South Alabama
Jacksonville State,Florida Atlantic,60,50,Jacksonville State,6,4,54,46,Jacksonville State
Mobile,Florida Atlantic,41,83,Florida Atlantic,6,10,35,73,Florida Atlantic
Florida National,Florida Atlantic,64,128,Florida Atlantic,9,24,55,104,Florida Atlantic
Florida Memorial,Florida Atlantic,49,112,Florida Atlantic,4,13,45,99,Florida Atlantic
Florida Atlantic,Stetson,69,78,Stetson,3,12,66,66,Florida Atlantic
Florida College,Florida Atlantic,72,107,Florida Atlantic,7,14,65,93,Florida Atlantic
Florida Atlantic,Old Dominion,67,71,Old Dominion,7,7,60,64,Old Dominion
Florida Atlantic,Old Dominion,55,64,Old Dominion,8,5,47,59,Old Dominion
Florida Atlantic,Florida International,81,79,Florida Atlantic,8,14,73,65,Florida Atlantic
Florida International,Florida Atlantic,63,107,Florida Atlantic,3,14,60,93,Florida Atlantic
Florida Atlantic,UTSA,80,84,UTSA,13,6,67,78,UTSA
Florida Atlantic,UTSA,75,86,UTSA,6,10,69,76,UTSA
Florida Atlantic,Southern Miss,69,60,Florida Atlantic,13,7,56,53,Florida Atlantic
Florida Atlantic,Southern Miss,73,66,Florida Atlantic,10,7,63,59,Florida Atlantic
Flagler,Florida International,81,85,Florida International,7,11,74,74,Florida Atlantic
Flagler,Florida International,75,82,Florida International,11,13,64,69,Florida International
Central Michigan,Florida International,76,96,Florida International,8,18,68,78,Florida International
Jacksonville State,Florida International,70,74,Florida International,7,9,63,65,Florida International
Georgia Southern,Florida International,103,99,Georgia Southern,6,17,97,82,Georgia Southern
Carver College,Florida International,34,111,Florida International,2,20,32,91,Florida International
Old Dominion,Florida International,67,82,Florida International,5,13,62,69,Florida International
Old Dominion,Florida International,71,66,Old Dominion,7,8,64,58,Old Dominion
Florida International,Middle Tennessee,68,55,Florida International,6,7,62,48,Florida International
Florida International,Middle Tennessee,56,67,Middle Tennessee,4,5,52,62,Middle Tennessee
Marshall,Florida International,79,66,Marshall,3,12,76,54,Marshall
Marshall,Florida International,89,72,Marshall,7,11,82,61,Marshall
Florida Memorial,Florida International,74,90,Florida International,6,17,68,73,Florida International
UTSA,Florida International,87,80,UTSA,8,7,79,73,UTSA
UTSA,Florida International,90,47,UTSA,7,4,83,43,UTSA
Florida International,UTEP,59,75,UTEP,11,12,48,63,UTEP
Florida International,UTEP,68,77,UTEP,7,5,61,72,UTEP
Southern Miss,Florida International,85,72,Southern Miss,3,12,82,60,Southern Miss
Florida International,Western Kentucky,58,91,Western Kentucky,10,7,48,84,Western Kentucky
Florida International,Western Kentucky,45,62,Western Kentucky,8,5,37,57,Western Kentucky
Flagler,Florida International,81,85,Florida International,7,11,74,74,Western Kentucky
UT Arlington,Louisiana Tech,71,76,Louisiana Tech,9,9,62,67,Louisiana Tech
Northwestern State,Louisiana Tech,77,91,Louisiana Tech,10,11,67,80,Louisiana Tech
UL Monroe,Louisiana Tech,62,78,Louisiana Tech,8,9,54,69,Louisiana Tech
Louisiana Tech,LSU,55,86,LSU,5,8,50,78,LSU
SE Louisiana,Louisiana Tech,69,78,Louisiana Tech,8,10,61,68,Louisiana Tech
Louisiana Tech,Louisiana,56,61,Louisiana,6,6,50,55,Louisiana
Jackson State,Louisiana Tech,58,85,Louisiana Tech,3,8,55,77,Louisiana Tech
Lamar,Louisiana Tech,57,86,Louisiana Tech,2,7,55,79,Louisiana Tech
Louisiana Tech,UL Monroe,68,57,Louisiana Tech,8,5,60,52,Louisiana Tech
Marshall,Louisiana Tech,68,75,Louisiana Tech,8,7,60,68,Louisiana Tech
Marshall,Louisiana Tech,80,73,Marshall,10,4,70,69,Marshall
Louisiana Tech,Western Kentucky,64,66,Western Kentucky,5,2,59,64,Western Kentucky
Louisiana Tech,Western Kentucky,63,58,Louisiana Tech,4,8,59,50,Louisiana Tech
UTSA,Louisiana Tech,66,77,Louisiana Tech,5,5,61,72,Louisiana Tech
UTSA,Louisiana Tech,66,82,Louisiana Tech,11,14,55,68,Louisiana Tech
Louisiana Tech,UTEP,74,82,UTEP,8,10,66,72,UTEP
Louisiana Tech,UTEP,73,55,Louisiana Tech,6,6,67,49,Louisiana Tech
Louisiana Tech,Southern Miss,76,63,Louisiana Tech,7,4,69,59,Louisiana Tech
Southern Miss,Louisiana Tech,62,65,Louisiana Tech,4,6,58,59,Louisiana Tech
Louisiana Tech,North Texas,68,63,Louisiana Tech,5,8,63,55,Louisiana Tech
Louisiana Tech,North Texas,55,57,North Texas,6,6,49,51,North Texas
UAB,Louisiana Tech,58,70,Louisiana Tech,5,5,53,65,Louisiana Tech
UAB,Louisiana Tech,64,69,Louisiana Tech,4,5,60,64,Louisiana Tech
Rice,Louisiana Tech,57,101,Louisiana Tech,9,17,48,84,Louisiana Tech
Rice,Louisiana Tech,58,79,Louisiana Tech,9,9,49,70,Louisiana Tech
Arkansas State,Marshall,56,70,Marshall,3,5,53,65,Marshall
Marshall,Wright State,80,64,Marshall,6,7,74,57,Marshall
Ohio,Marshall,67,81,Marshall,7,5,60,76,Marshall
Toledo,Marshall,96,87,Toledo,10,11,86,76,Toledo
Robert Morris,Marshall,71,85,Marshall,9,11,62,74,Marshall
Marshall,Western Kentucky,73,81,Western Kentucky,11,6,62,75,Western Kentucky
Western Kentucky,Marshall,69,67,Western Kentucky,7,8,62,59,Western Kentucky
Marshall,Old Dominion,81,82,Old Dominion,9,2,72,80,Old Dominion
Marshall,Old Dominion,87,67,Marshall,13,3,74,64,Marshall
Middle Tennessee,Marshall,79,107,Marshall,12,15,67,92,Marshall
Middle Tennessee,Marshall,85,96,Marshall,12,10,73,86,Marshall
North Texas,Marshall,77,65,North Texas,5,10,72,55,North Texas
North Texas,Marshall,72,73,Marshall,14,10,58,63,Marshall
Middle Tennessee,Omaha,59,60,Omaha,7,1,52,59,Omaha
East Tennessee State,Middle Tennessee,57,43,East Tennessee State,4,4,53,39,East Tennessee State
Murray State,Middle Tennessee,61,78,Middle Tennessee,3,9,58,69,Middle Tennessee
Chattanooga,Middle Tennessee,80,70,Chattanooga,7,8,73,62,Chattanooga
Covenant,Middle Tennessee,57,76,Middle Tennessee,8,8,49,68,Middle Tennessee
Ole Miss,Middle Tennessee,70,51,Ole Miss,2,5,68,46,Ole Miss
Middle Tennessee,Southern Miss,54,84,Southern Miss,7,11,47,73,Southern Miss
Middle Tennessee,Southern Miss,59,64,Southern Miss,6,3,53,61,Southern Miss
Western Kentucky,Middle Tennessee,82,67,Western Kentucky,10,8,72,59,Western Kentucky
Western Kentucky,Middle Tennessee,68,52,Western Kentucky,3,5,65,47,Western Kentucky
UAB,Middle Tennessee,70,59,UAB,5,9,65,50,UAB
Middle Tennessee,UAB,52,63,UAB,5,5,47,58,UAB
Middle Tennessee,Old Dominion,61,67,Old Dominion,10,4,51,63,Old Dominion
Middle Tennessee,Old Dominion,60,73,Old Dominion,9,6,51,67,Old Dominion
Mississippi Valley State,North Texas,62,116,North Texas,11,21,51,95,North Texas
North Texas,Arkansas,54,69,Arkansas,2,6,52,63,Arkansas
North Texas,Mississippi State,63,69,Mississippi State,7,1,56,68,Mississippi State
Arkansas-Pine Bluff,North Texas,56,81,North Texas,4,8,52,73,North Texas
Houston Baptist,North Texas,55,85,North Texas,9,8,46,77,North Texas
LSU Alexandria,North Texas,78,110,North Texas,11,12,67,98,North Texas
North Texas,Loyola Chicago,49,57,Loyola Chicago,4,4,45,53,Loyola Chicago
North Texas,UTSA,77,70,North Texas,10,9,67,61,North Texas
North Texas,UTSA,69,77,UTSA,5,10,64,67,UTSA
UTEP,North Texas,33,63,North Texas,2,8,31,55,North Texas
UTEP,North Texas,65,74,North Texas,9,8,56,66,North Texas
North Texas,Rice,79,74,North Texas,7,9,72,65,North Texas
Rice,North Texas,53,79,North Texas,3,8,50,71,North Texas
North Texas,Southern Miss,65,49,North Texas,7,2,58,47,North Texas
North Texas,Southern Miss,68,56,North Texas,6,2,62,54,North Texas
Old Dominion,Norfolk St,80,66,Old Dominion,7,8,73,58,Old Dominion
VA Wesleyan,Old Dominion,57,77,Old Dominion,10,2,47,75,Old Dominion
Old Dominion,Rice,59,69,Rice,4,14,55,55,Old Dominion
Old Dominion,Rice,61,58,Old Dominion,4,10,57,48,Old Dominion
Old Dominion,UAB,69,76,UAB,5,2,64,74,UAB
Old Dominion,UAB,65,58,Old Dominion,7,4,58,54,Old Dominion
Rice,Incarnate Word,68,53,Rice,4,4,64,49,Rice
Our Lady of the Lake,Rice,64,103,Rice,4,14,60,89,Rice
Le Tourneau,Rice,74,94,Rice,9,10,65,84,Rice
Rice,Houston Baptist,86,64,Rice,14,5,72,59,Rice
New Mexico,Rice,72,61,New Mexico,4,13,68,48,New Mexico
Houston Baptist,Rice,79,90,Rice,11,12,68,78,Rice
Rice,Sam Houston State,69,82,Sam Houston State,9,10,60,72,Sam Houston State
New Orleans,Rice,62,73,Rice,11,10,51,63,Rice
UTSA,Rice,86,95,Rice,13,14,73,81,Rice
UTSA,Rice,69,84,Rice,5,11,64,73,Rice
Rice,UTEP,89,101,UTEP,11,12,78,89,UTEP
Rice,UTEP,71,68,Rice,8,8,63,60,Rice
Old Dominion,Rice,59,69,Rice,4,14,55,55,Rice
Rice,UAB,68,78,UAB,11,8,57,70,UAB
Rice,UAB,74,86,UAB,8,6,66,80,UAB
Southern Miss,Rice,62,88,Rice,6,13,56,75,Rice
Southern Miss,Rice,68,76,Rice,3,14,65,62,Southern Miss
Rice,Western Kentucky,71,77,Western Kentucky,13,9,58,68,Western Kentucky
Rice,Western Kentucky,66,89,Western Kentucky,9,14,57,75,Western Kentucky
William Carey,Southern Miss,53,80,Southern Miss,8,6,45,74,Southern Miss
South Alabama,Southern Miss,76,75,South Alabama,10,15,66,60,South Alabama
Southern Miss,Lamar,66,63,Southern Miss,9,5,57,58,Lamar
UL Monroe,Southern Miss,47,60,Southern Miss,6,7,41,53,Southern Miss
Loyola New Orleans,Southern Miss,54,74,Southern Miss,4,8,50,66,Southern Miss
UTEP,Southern Miss,66,74,Southern Miss,5,2,61,72,Southern Miss
UTEP,Southern Miss,77,62,UTEP,10,3,67,59,UTEP
Southern Miss,UAB,60,72,UAB,6,10,54,62,UAB
Southern Miss,UAB,58,62,UAB,4,8,54,54,UAB
Southern Miss,UTSA,64,70,UTSA,6,7,58,63,UTSA
Southern Miss,UTSA,72,78,UTSA,6,13,66,65,Southern Miss
Alcorn State,UAB,50,99,UAB,3,6,47,93,UAB
SE Louisiana,UAB,59,84,UAB,4,6,55,78,UAB
Troy,UAB,55,77,UAB,4,6,51,71,UAB
Tuskegee,UAB,64,89,UAB,9,4,55,85,UAB
UAB,East Tennessee State,65,61,UAB,6,7,59,54,UAB
Southern,UAB,46,88,UAB,2,3,44,85,UAB
Chattanooga,UAB,69,66,Chattanooga,7,3,62,63,UAB
UTEP,UAB,51,63,UAB,3,1,48,62,UAB
UTEP,UAB,60,75,UAB,9,8,51,67,UAB
Rust,UAB,45,117,UAB,5,5,40,112,UAB
UAB,UTSA,64,57,UAB,2,6,62,51,UAB
UAB,UTSA,79,96,UTSA,8,13,71,83,UTSA
Texas Permian Basin,UTEP,81,100,UTEP,11,10,70,90,UTEP
Sul Ross,UTEP,65,84,UTEP,10,9,55,75,UTEP
UTEP,Saint Mary's,61,73,Saint Mary's,6,5,55,68,Saint Mary's
UTEP,Arizona,61,69,Arizona,5,0,56,69,Arizona
UTEP,Arizona State,76,63,UTEP,8,1,68,62,UTEP
Benedictine (AZ),UTEP,59,79,UTEP,7,7,52,72,UTEP
UTEP,UTSA,79,86,UTSA,5,10,74,76,UTSA
UTSA,UTEP,51,69,UTEP,2,3,49,66,UTEP
Texas Permian Basin,UTSA,71,97,UTSA,8,8,63,89,UTSA
UTSA,UT Rio Grande Valley,64,81,UT Rio Grande Valley,4,10,60,71,UT Rio Grande Valley
Sul Ross,UTSA,62,91,UTSA,10,10,52,81,UTSA
UTSA,Oregon State,61,73,Oregon State,6,5,55,68,Oregon State
Our Lady of the Lake,UTSA,70,102,UTSA,5,8,65,94,UTSA
Lamar,UTSA,66,88,UTSA,7,5,59,83,UTSA
Western Kentucky,Northern Iowa,93,87,Western Kentucky,6,20,87,67,Western Kentucky
Mississippi Valley State,Western Kentucky,69,96,Western Kentucky,12,8,57,88,Western Kentucky
Western Kentucky,Alabama,73,71,Western Kentucky,3,7,70,64,Western Kentucky
Tennessee Tech,Western Kentucky,68,88,Western Kentucky,6,9,62,79,Western Kentucky
Florida International,Western Kentucky,50,64,Western Kentucky,9,5,41,59,Western Kentucky
Cleveland State,Toledo,61,70,Toledo,7,8,54,62,Toledo
Cleveland State,Ohio,46,101,Ohio,3,7,43,94,Ohio
Cleveland State,Purdue Fort Wayne,63,61,Cleveland State,6,9,57,52,Cleveland State
Cleveland State,Purdue Fort Wayne,89,80,Cleveland State,12,12,77,68,Cleveland State
Youngstown State,Cleveland State,69,87,Cleveland State,7,8,62,79,Cleveland State
Youngstown State,Cleveland State,74,81,Cleveland State,10,5,64,76,Cleveland State
Cleveland State,IUPUI,65,62,Cleveland State,5,4,60,58,Cleveland State
Cleveland State,IUPUI,59,49,Cleveland State,4,5,55,44,Cleveland State
Northern Kentucky,Cleveland State,44,58,Cleveland State,4,7,40,51,Cleveland State
Northern Kentucky,Cleveland State,71,74,Cleveland State,8,6,63,68,Cleveland State
Cleveland State,Wright State,66,64,Cleveland State,6,5,60,59,Cleveland State
Cleveland State,Wright State,49,85,Wright State,3,5,46,80,Wright State
Milwaukee,Cleveland State,53,64,Cleveland State,4,9,49,55,Cleveland State
Milwaukee,Cleveland State,81,80,Milwaukee,7,8,74,72,Milwaukee
Green Bay,Cleveland State,68,74,Cleveland State,5,9,63,65,Cleveland State
Green Bay,Cleveland State,65,73,Cleveland State,7,6,58,67,Cleveland State
Cleveland State,Oakland,80,72,Cleveland State,8,7,72,65,Cleveland State
Cleveland State,Oakland,80,78,Cleveland State,7,6,73,72,Cleveland State
Detroit Mercy,Cleveland State,89,83,Detroit Mercy,13,6,76,77,Cleveland State
Detroit Mercy,Cleveland State,64,71,Cleveland State,7,8,57,63,Cleveland State
Cleveland State,Purdue Fort Wayne,68,75,Purdue Fort Wayne,7,6,61,69,Purdue Fort Wayne
Cleveland State,Purdue Fort Wayne,67,55,Cleveland State,3,10,64,45,Cleveland State
Kent State,Detroit Mercy,80,66,Kent State,12,8,68,58,Kent State
Detroit Mercy,Western Michigan,67,57,Detroit Mercy,7,5,60,52,Detroit Mercy
Wright State,Detroit Mercy,93,70,Wright State,10,8,83,62,Wright State
Wright State,Detroit Mercy,85,72,Wright State,4,7,81,65,Wright State
Oakland,Detroit Mercy,77,75,Oakland,6,10,71,65,Oakland
Oakland,Detroit Mercy,83,80,Oakland,14,9,69,71,Detroit Mercy
Green Bay,Detroit Mercy,61,86,Detroit Mercy,14,17,47,69,Detroit Mercy
Green Bay,Detroit Mercy,65,68,Detroit Mercy,9,10,56,58,Detroit Mercy
Detroit Mercy,Oakland,81,86,Oakland,12,15,69,71,Oakland
Detroit Mercy,Oakland,82,72,Detroit Mercy,13,10,69,62,Detroit Mercy
Detroit Mercy,Youngstown State,78,75,Detroit Mercy,10,13,68,62,Detroit Mercy
Detroit Mercy,Youngstown State,77,72,Detroit Mercy,7,7,70,65,Detroit Mercy
Purdue Fort Wayne,Detroit Mercy,72,82,Detroit Mercy,12,16,60,66,Detroit Mercy
Purdue Fort Wayne,Detroit Mercy,56,83,Detroit Mercy,9,12,47,71,Detroit Mercy
Robert Morris,Detroit Mercy,74,85,Detroit Mercy,9,8,65,77,Detroit Mercy
Robert Morris,Detroit Mercy,61,80,Detroit Mercy,8,12,53,68,Detroit Mercy
Robert Morris,Detroit Mercy,73,83,Detroit Mercy,8,13,65,70,Detroit Mercy
Eastern Illinois,Green Bay,93,91,Eastern Illinois,5,12,88,79,Eastern Illinois
Milwaukee,Green Bay,68,65,Milwaukee,4,7,64,58,Milwaukee
Milwaukee,Green Bay,74,62,Milwaukee,4,9,70,53,Milwaukee
Green Bay,Wright State,53,67,Wright State,4,4,49,63,Wright State
Green Bay,Wright State,77,90,Wright State,5,6,72,84,Wright State
Green Bay,Youngstown State,77,84,Youngstown State,8,7,69,77,Youngstown State
Green Bay,Youngstown State,79,69,Green Bay,9,5,70,64,Green Bay
Oakland,Green Bay,81,84,Green Bay,8,10,73,74,Green Bay
Oakland,Green Bay,78,87,Green Bay,7,7,71,80,Green Bay
Purdue Fort Wayne,Green Bay,59,77,Green Bay,4,9,55,68,Green Bay
Purdue Fort Wayne,Green Bay,72,87,Green Bay,5,10,67,77,Green Bay
IUPUI,Green Bay,80,71,IUPUI,10,4,70,67,IUPUI
IUPUI,Green Bay,72,79,Green Bay,11,2,61,77,Green Bay
Northern Kentucky,Green Bay,82,86,Green Bay,8,9,74,77,Green Bay
Northern Kentucky,Green Bay,71,66,Northern Kentucky,4,6,67,60,Northern Kentucky
Green Bay,UIC,58,61,UIC,4,4,54,57,UIC
Green Bay,UIC,69,59,Green Bay,2,8,67,51,Green Bay
Purdue Fort Wayne,Green Bay,89,84,Purdue Fort Wayne,10,4,79,80,Green Bay
Tennessee State,IUPUI,66,69,IUPUI,3,7,63,62,Tennessee State
IUPUI,Milwaukee,70,94,Milwaukee,8,13,62,81,Milwaukee
IUPUI,Milwaukee,63,71,Milwaukee,10,4,53,67,Milwaukee
IUPUI,Northern Kentucky,74,69,IUPUI,9,6,65,63,IUPUI
IUPUI,Northern Kentucky,65,63,IUPUI,11,4,54,59,Northern Kentucky
Wright State,IUPUI,95,65,Wright State,6,6,89,59,Wright State
Wright State,IUPUI,100,72,Wright State,13,6,87,66,Wright State
Milwaukee,IUPUI,68,73,IUPUI,8,7,60,66,IUPUI
Milwaukee,IUPUI,83,76,Milwaukee,6,9,77,67,Milwaukee
UIC,IUPUI,69,89,IUPUI,8,11,61,78,IUPUI
UIC,IUPUI,81,88,IUPUI,8,9,73,79,IUPUI
IUPUI,Youngstown State,72,70,IUPUI,8,7,64,63,IUPUI
IUPUI,Youngstown State,70,77,Youngstown State,5,3,65,74,Youngstown State
IUPUI,Milwaukee,72,84,Milwaukee,7,6,65,78,Milwaukee
Milwaukee,Western Michigan,71,63,Milwaukee,6,9,65,54,Milwaukee
Milwaukee,Robert Morris,64,67,Robert Morris,12,4,52,63,Robert Morris
Purdue Fort Wayne,Milwaukee,81,72,Purdue Fort Wayne,7,8,74,64,Purdue Fort Wayne
Purdue Fort Wayne,Milwaukee,81,74,Purdue Fort Wayne,12,7,69,67,Purdue Fort Wayne
Northern Kentucky,Milwaukee,87,73,Northern Kentucky,18,7,69,66,Northern Kentucky
Northern Kentucky,Milwaukee,79,65,Northern Kentucky,6,4,73,61,Northern Kentucky
Milwaukee,Wright State,81,92,Wright State,9,11,72,81,Wright State
Milwaukee,Wright State,82,92,Wright State,7,10,75,82,Wright State
Oakland,Milwaukee,85,81,Oakland,10,9,75,72,Oakland
Oakland,Milwaukee,87,89,Milwaukee,7,10,80,79,Oakland
Ball State,Northern Kentucky,73,74,Northern Kentucky,6,8,67,66,Ball State
Tennessee Tech,Northern Kentucky,65,74,Northern Kentucky,8,6,57,68,Northern Kentucky
Northern Kentucky,Chattanooga,72,79,Chattanooga,7,4,65,75,Chattanooga
Northern Kentucky,Kent State,73,92,Kent State,7,11,66,81,Kent State
Youngstown State,Northern Kentucky,64,79,Northern Kentucky,3,11,61,68,Northern Kentucky
Youngstown State,Northern Kentucky,70,60,Youngstown State,7,6,63,54,Youngstown State
Purdue Fort Wayne,Northern Kentucky,68,75,Northern Kentucky,9,6,59,69,Northern Kentucky
Purdue Fort Wayne,Northern Kentucky,68,70,Northern Kentucky,5,7,63,63,Northern Kentucky
Northern Kentucky,Robert Morris,81,76,Northern Kentucky,9,9,72,67,Northern Kentucky
Northern Kentucky,Robert Morris,79,74,Northern Kentucky,9,8,70,66,Northern Kentucky
UIC,Northern Kentucky,68,72,Northern Kentucky,13,4,55,68,Northern Kentucky
UIC,Northern Kentucky,67,69,Northern Kentucky,7,3,60,66,Northern Kentucky
Wright State,Northern Kentucky,75,81,Northern Kentucky,8,10,67,71,Northern Kentucky
Wright State,Northern Kentucky,77,71,Wright State,7,7,70,64,Wright State
Toledo,Oakland,80,53,Toledo,16,2,64,51,Toledo
Oakland,Bradley,60,74,Bradley,12,10,48,64,Bradley
Oakland,UIC,72,74,UIC,2,14,70,60,Oakland
Oakland,UIC,73,90,UIC,6,13,67,77,UIC
Wright State,Oakland,90,51,Wright State,10,5,80,46,Wright State
Wright State,Oakland,71,81,Oakland,7,9,64,72,Oakland
Youngstown State,Oakland,65,82,Oakland,7,10,58,72,Oakland
Youngstown State,Oakland,74,81,Oakland,7,7,67,74,Oakland
Oakland,Purdue Fort Wayne,81,66,Oakland,11,10,70,56,Oakland
Oakland,Purdue Fort Wayne,82,75,Oakland,6,11,76,64,Oakland
Oakland,Robert Morris,82,88,Robert Morris,8,12,74,76,Robert Morris
Oakland,Robert Morris,86,81,Oakland,11,11,75,70,Oakland
SE Louisiana,Purdue Fort Wayne,63,67,Purdue Fort Wayne,1,7,62,60,SE Louisiana
Robert Morris,Purdue Fort Wayne,102,88,Robert Morris,13,6,89,82,Robert Morris
Robert Morris,Purdue Fort Wayne,82,87,Purdue Fort Wayne,9,11,73,76,Purdue Fort Wayne
UIC,Purdue Fort Wayne,89,96,Purdue Fort Wayne,11,8,78,88,Purdue Fort Wayne
UIC,Purdue Fort Wayne,55,88,Purdue Fort Wayne,6,11,49,77,Purdue Fort Wayne
Purdue Fort Wayne,Youngstown State,70,84,Youngstown State,6,11,64,73,Youngstown State
Purdue Fort Wayne,Youngstown State,70,72,Youngstown State,8,6,62,66,Youngstown State
Point Park,Robert Morris,57,75,Robert Morris,6,5,51,70,Robert Morris
Bowling Green,Robert Morris,85,65,Bowling Green,8,4,77,61,Bowling Green
Robert Morris,UIC,53,67,UIC,1,7,52,60,UIC
Robert Morris,UIC,62,66,UIC,2,4,60,62,UIC
Robert Morris,Wright State,70,79,Wright State,10,5,60,74,Wright State
Robert Morris,Wright State,56,86,Wright State,6,9,50,77,Wright State
Youngstown State,Robert Morris,84,78,Youngstown State,9,8,75,70,Youngstown State
Youngstown State,Robert Morris,70,66,Youngstown State,4,6,66,60,Youngstown State
UIC,Northern Illinois,65,61,UIC,11,3,54,58,Northern Illinois
Central Michigan,UIC,72,74,UIC,2,7,70,67,Central Michigan
Valparaiso,UIC,50,66,UIC,1,9,49,57,UIC
UIC,Ball State,66,68,Ball State,5,2,61,66,Ball State
Loyola Chicago,UIC,77,66,Loyola Chicago,8,8,69,58,Loyola Chicago
UIC,Youngstown State,67,66,UIC,10,3,57,63,Youngstown State
UIC,Youngstown State,77,85,Youngstown State,11,5,66,80,Youngstown State
Wright State,UIC,72,47,Wright State,5,2,67,45,Wright State
Wright State,UIC,77,57,Wright State,7,5,70,52,Wright State
UIC,Youngstown State,58,74,Youngstown State,7,8,51,66,Youngstown State
Miami (OH),Wright State,47,71,Wright State,6,7,41,64,Wright State
Wright State,Bowling Green,85,67,Wright State,6,7,79,60,Wright State
Youngstown State,Wright State,74,72,Youngstown State,5,11,69,61,Youngstown State
Youngstown State,Wright State,55,93,Wright State,4,10,51,83,Wright State
Point Park,Youngstown State,52,72,Youngstown State,7,8,45,64,Youngstown State
W. Virginia Tech,Youngstown State,66,80,Youngstown State,9,5,57,75,Youngstown State
Carlow University,Youngstown State,56,109,Youngstown State,8,10,48,99,Youngstown State
Rochester College,Youngstown State,50,60,Youngstown State,6,4,44,56,Youngstown State
Brown,Bryant,73,71,Brown,5,8,68,63,Brown
Canisius,Brown,68,75,Brown,6,10,62,65,Brown
Quinnipiac,Brown,68,70,Brown,6,9,62,61,Quinnipiac
Brown,Sacred Heart,63,84,Sacred Heart,5,8,58,76,Sacred Heart
NJIT,Brown,63,79,Brown,5,9,58,70,Brown
Brown,UMass Lowell,63,75,UMass Lowell,4,9,59,66,UMass Lowell
Navy,Brown,76,56,Navy,8,6,68,50,Navy
Merrimack,Brown,55,82,Brown,5,9,50,73,Brown
Brown,Stony Brook,63,79,Stony Brook,7,14,56,65,Stony Brook
Brown,St. John's,71,82,St. John's,11,6,60,76,St. John's
Brown,Duke,50,75,Duke,6,2,44,73,Duke
Rhode Island,Brown,75,85,Brown,4,13,71,72,Brown
Johnson & Wales (RI),Brown,53,79,Brown,2,7,51,72,Brown
Brown,Yale,56,70,Yale,3,10,53,60,Yale
Yale,Brown,73,62,Yale,10,9,63,53,Yale
Cornell,Brown,63,74,Brown,8,6,55,68,Brown
Columbia,Brown,66,72,Brown,5,6,61,66,Brown
Dartmouth,Brown,65,67,Brown,9,6,56,61,Brown
Harvard,Brown,71,72,Brown,7,4,64,68,Brown
Brown,Pennsylvania,75,63,Brown,4,6,71,57,Brown
Brown,Princeton,54,73,Princeton,4,7,50,66,Princeton
Brown,Columbia,72,66,Brown,5,6,67,60,Brown
Brown,Cornell,45,63,Cornell,4,6,41,57,Cornell
Princeton,Brown,71,49,Princeton,11,6,60,43,Princeton
Pennsylvania,Brown,73,68,Pennsylvania,7,8,66,60,Pennsylvania
Brown,Harvard,64,55,Brown,8,7,56,48,Brown
Brown,Dartmouth,70,58,Brown,9,5,61,53,Brown
Columbia,Lafayette,63,65,Lafayette,5,8,58,57,Columbia
Columbia,Wake Forest,63,65,Wake Forest,6,2,57,63,Wake Forest
Binghamton,Columbia,63,75,Columbia,7,11,56,64,Columbia
Columbia,Virginia,42,60,Virginia,6,5,36,55,Virginia
Columbia,St. John's,63,82,St. John's,10,7,53,75,St. John's
Rider,Columbia,87,63,Rider,6,12,81,51,Rider
Columbia,Central Connecticut,82,52,Columbia,11,7,71,45,Columbia
Lehigh,Columbia,64,68,Columbia,5,9,59,59,Columbia
Columbia,Delaware,76,84,Delaware,9,9,67,75,Delaware
Columbia,Bryant,65,67,Bryant,6,9,59,58,Columbia
Columbia,Duquesne,54,90,Duquesne,5,10,49,80,Duquesne
Columbia,Colgate,71,89,Colgate,7,14,64,75,Colgate
Marist,Columbia,54,69,Columbia,7,7,47,62,Columbia
Albany,Columbia,67,66,Albany,13,6,54,60,Columbia
Columbia,Maine,72,75,Maine,7,6,65,69,Maine
Mount St. Vincent,Columbia,56,86,Columbia,5,13,51,73,Columbia
Cornell,Columbia,61,75,Columbia,5,7,56,68,Columbia
Columbia,Cornell,50,62,Cornell,5,7,45,55,Cornell
Columbia,Yale,62,93,Yale,8,14,54,79,Yale
Pennsylvania,Columbia,76,67,Pennsylvania,6,6,70,61,Pennsylvania
Princeton,Columbia,81,74,Princeton,6,1,75,73,Princeton
Columbia,Dartmouth,63,65,Dartmouth,5,5,58,60,Dartmouth
Columbia,Harvard,73,77,Harvard,4,8,69,69,Dartmouth
Yale,Columbia,83,65,Yale,8,7,75,58,Yale
Harvard,Columbia,77,69,Harvard,6,4,71,65,Harvard
Dartmouth,Columbia,76,57,Dartmouth,12,2,64,55,Dartmouth
Columbia,Princeton,58,81,Princeton,6,15,52,66,Princeton
Columbia,Pennsylvania,65,85,Pennsylvania,6,13,59,72,Pennsylvania
Binghamton,Cornell,64,84,Cornell,9,7,55,77,Cornell
Cornell,Bryant,81,82,Bryant,11,15,70,67,Cornell
NJIT,Cornell,59,58,NJIT,3,6,56,52,NJIT
Cornell,DePaul,54,75,DePaul,6,6,48,69,DePaul
Cornell,Syracuse,53,72,Syracuse,6,10,47,62,Syracuse
Cornell,Coppin State,66,68,Coppin State,7,9,59,59,Syracuse
Cornell,Navy,61,72,Navy,7,7,54,65,Navy
Lafayette,Cornell,62,59,Lafayette,7,3,55,56,Cornell
Cornell,Colgate,58,66,Colgate,4,6,54,60,Colgate
Cornell,Hartford,76,80,Hartford,8,13,68,67,Cornell
Cornell,Penn State,59,90,Penn State,8,8,51,82,Penn State
SUNY-Purchase,Cornell,68,100,Cornell,0,10,68,90,Cornell
Elmira,Cornell,33,70,Cornell,3,7,30,63,Cornell
Cornell,Yale,71,86,Yale,13,10,58,76,Yale
Princeton,Cornell,62,73,Cornell,7,7,55,66,Cornell
Pennsylvania,Cornell,79,73,Pennsylvania,6,9,73,64,Pennsylvania
Cornell,Harvard,63,85,Harvard,5,10,58,75,Harvard
Cornell,Dartmouth,53,75,Dartmouth,5,6,48,69,Dartmouth
Yale,Cornell,81,80,Yale,10,7,71,73,Cornell
Dartmouth,Cornell,82,70,Dartmouth,11,6,71,64,Dartmouth
Harvard,Cornell,67,58,Harvard,7,6,60,52,Harvard
Cornell,Pennsylvania,64,78,Pennsylvania,9,11,55,67,Pennsylvania
Cornell,Princeton,85,82,Cornell,11,14,74,68,Cornell
Dartmouth,Buffalo,68,63,Dartmouth,4,10,64,53,Dartmouth
Florida Gulf Coast,Dartmouth,49,55,Dartmouth,7,8,42,47,Dartmouth
Merrimack,Dartmouth,46,55,Dartmouth,8,6,38,49,Dartmouth
Dartmouth,Jacksonville,37,57,Jacksonville,7,4,30,53,Jacksonville
Dartmouth,UMass Lowell,80,75,Dartmouth,11,8,69,67,Dartmouth
Dartmouth,Bowling Green,69,76,Bowling Green,13,11,56,65,Bowling Green
Dartmouth,Georgia State,80,83,Georgia State,12,12,68,71,Georgia State
Dartmouth,South Florida,44,63,South Florida,6,8,38,55,South Florida
Dartmouth,Maine,77,44,Dartmouth,8,5,69,39,Dartmouth
Dartmouth,Boston University,76,78,Boston University,5,7,71,71,Dartmouth
Central Connecticut,Dartmouth,60,76,Dartmouth,7,7,53,69,Dartmouth
Bryant,Dartmouth,64,60,Bryant,12,3,52,57,Dartmouth
Dartmouth,New Hampshire,56,70,New Hampshire,4,8,52,62,New Hampshire
Vermont,Dartmouth,77,68,Vermont,5,6,72,62,Vermont
Dartmouth,Harvard,62,67,Harvard,8,7,54,60,Harvard
Harvard,Dartmouth,70,66,Harvard,12,6,58,60,Dartmouth
Dartmouth,Princeton,44,66,Princeton,3,7,41,59,Princeton
Dartmouth,Pennsylvania,46,54,Pennsylvania,4,5,42,49,Pennsylvania
Dartmouth,Yale,57,75,Yale,5,10,52,65,Yale
Pennsylvania,Dartmouth,59,66,Dartmouth,10,5,49,61,Dartmouth
Princeton,Dartmouth,65,62,Princeton,11,3,54,59,Dartmouth
Yale,Dartmouth,72,61,Yale,10,6,62,55,Yale
MIT,Harvard,27,84,Harvard,1,7,26,77,Harvard
Harvard,Northeastern,79,84,Northeastern,8,11,71,73,Northeastern
Maine,Harvard,46,67,Harvard,4,4,42,63,Harvard
Siena,Harvard,56,59,Harvard,4,9,52,50,Siena
Harvard,Buffalo,76,88,Buffalo,6,13,70,75,Buffalo
Harvard,Holy Cross,82,74,Harvard,11,11,71,63,Harvard
Texas A&M,Harvard,51,62,Harvard,5,6,46,56,Harvard
Maryland,Harvard,80,73,Maryland,7,8,73,65,Maryland
Harvard,USC,62,77,USC,10,7,52,70,USC
UMass,Harvard,55,89,Harvard,3,8,52,81,Harvard
Harvard,George Washington,88,75,Harvard,2,11,86,64,Harvard
Harvard,Howard,60,55,Harvard,3,5,57,50,Harvard
Harvard,California,71,63,Harvard,5,4,66,59,Harvard
Harvard,San Francisco,84,81,Harvard,9,7,75,74,Harvard
UC Irvine,Harvard,73,77,Harvard,9,9,64,68,Harvard
Harvard,Pennsylvania,72,75,Pennsylvania,6,5,66,70,Pennsylvania
Harvard,Princeton,69,70,Princeton,9,13,60,57,Harvard
Harvard,Yale,78,77,Harvard,8,7,70,70,Harvard
Columbia,Harvard,73,77,Harvard,4,8,69,69,Harvard
Princeton,Harvard,60,61,Harvard,7,5,53,56,Harvard
Pennsylvania,Harvard,65,69,Harvard,10,4,55,65,Harvard
Yale,Harvard,69,83,Harvard,6,8,63,75,Harvard
Pennsylvania,Alabama,81,80,Pennsylvania,8,11,73,69,Pennsylvania
Pennsylvania,Rice,61,80,Rice,3,10,58,70,Rice
La Salle,Pennsylvania,59,75,Pennsylvania,3,7,56,68,Pennsylvania
Pennsylvania,Lafayette,75,86,Lafayette,11,11,64,75,Lafayette
Pennsylvania,Providence,81,75,Pennsylvania,11,7,70,68,Pennsylvania
UCF,Pennsylvania,67,68,Pennsylvania,4,11,63,57,UCF
Pennsylvania,Arizona,82,92,Arizona,13,6,69,86,Arizona
Long Beach State,Pennsylvania,79,95,Pennsylvania,5,15,74,80,Pennsylvania
Pennsylvania,Villanova,69,80,Villanova,7,4,62,76,Villanova
Widener,Pennsylvania,57,105,Pennsylvania,4,17,53,88,Pennsylvania
Pennsylvania,Howard,81,62,Pennsylvania,14,8,67,54,Pennsylvania
Princeton,Pennsylvania,78,64,Princeton,2,3,76,61,Princeton
Pennsylvania,Princeton,58,63,Princeton,5,11,53,52,Pennsylvania
Saint Joseph's,Pennsylvania,87,81,Saint Joseph's,12,7,75,74,Saint Joseph's
Temple,Pennsylvania,59,66,Pennsylvania,1,7,58,59,Pennsylvania
Yale,Pennsylvania,61,69,Pennsylvania,7,10,54,59,Pennsylvania
Pennsylvania,Yale,73,76,Yale,12,8,61,68,Yale
Princeton,Duquesne,67,94,Duquesne,7,13,60,81,Duquesne
Princeton,San Francisco,72,82,San Francisco,7,7,65,75,San Francisco
Lafayette,Princeton,72,65,Lafayette,11,8,61,57,Lafayette
Princeton,Indiana,54,79,Indiana,6,3,48,76,Indiana
Arizona State,Princeton,67,65,Arizona State,8,7,59,58,Arizona State
Princeton,Bucknell,87,77,Princeton,13,7,74,70,Princeton
Princeton,Drexel,76,82,Drexel,8,5,68,77,Drexel
Monmouth,Princeton,67,66,Monmouth,8,4,59,62,Princeton
Princeton,Fairleigh Dickinson,80,65,Princeton,11,6,69,59,Princeton
Iona,Princeton,86,90,Princeton,4,11,82,79,Iona
Hofstra,Princeton,87,72,Hofstra,5,7,82,65,Hofstra
Lehigh,Princeton,62,71,Princeton,4,10,58,61,Princeton
Rutgers-Camden,Princeton,41,87,Princeton,0,8,41,79,Princeton
Yale,Princeton,88,64,Yale,8,6,80,58,Yale
Princeton,Yale,63,66,Yale,11,7,52,59,Yale
Yale,Stony Brook,74,69,Yale,9,6,65,63,Yale
Oberlin College,Yale,37,94,Yale,9,7,28,87,Yale
Yale,San Francisco,79,84,San Francisco,10,8,69,76,San Francisco
Yale,Oklahoma State,57,64,Oklahoma State,9,4,48,60,Oklahoma State
Siena,Yale,89,100,Yale,4,12,85,88,Yale
Yale,Penn State,56,58,Penn State,9,5,47,53,Penn State
Western Michigan,Yale,51,73,Yale,4,13,47,60,Yale
Yale,Bucknell,81,61,Yale,4,13,77,48,Yale
Vermont,Yale,52,65,Yale,5,6,47,59,Yale
Yale,Albany,61,52,Yale,10,7,51,45,Yale
Yale,Lehigh,78,65,Yale,7,3,71,62,Yale
Yale,UMass,83,80,Yale,11,12,72,68,Yale
Yale,Clemson,54,45,Yale,5,4,49,41,Yale
Yale,North Carolina,67,70,North Carolina,8,6,59,64,North Carolina
Johnson & Wales (RI),Yale,58,108,Yale,9,9,49,99,Yale
Yale,Howard,89,75,Yale,11,10,78,65,Yale
Harvard,Yale,78,77,Harvard,8,7,70,70,Yale
Marist,Canisius,72,81,Canisius,6,9,66,72,Canisius
Marist,Canisius,56,52,Marist,3,6,53,46,Marist
Canisius,Monmouth,66,84,Monmouth,8,5,58,79,Monmouth
Canisius,Monmouth,69,97,Monmouth,6,13,63,84,Monmouth
Saint Peter's,Canisius,58,70,Canisius,3,8,55,62,Canisius
Saint Peter's,Canisius,60,63,Canisius,7,9,53,54,Canisius
Canisius,Quinnipiac,74,67,Canisius,6,11,68,56,Canisius
Canisius,Quinnipiac,89,70,Canisius,9,5,80,65,Canisius
Canisius,Fairfield,80,69,Canisius,8,6,72,63,Canisius
Canisius,Fairfield,53,66,Fairfield,5,2,48,64,Fairfield
Iona,Fairfield,70,42,Iona,7,4,63,38,Iona
Iona,Fairfield,52,67,Fairfield,3,5,49,62,Fairfield
Fairfield,Niagara,51,68,Niagara,8,7,43,61,Niagara
Fairfield,Niagara,61,81,Niagara,11,9,50,72,Niagara
Fairleigh Dickinson,Fairfield,69,65,Fairleigh Dickinson,10,6,59,59,Niagara
Rider,Fairfield,70,62,Rider,1,7,69,55,Rider
Rider,Fairfield,56,72,Fairfield,3,10,53,62,Fairfield
Siena,Fairfield,74,58,Siena,7,4,67,54,Siena
Siena,Fairfield,75,68,Siena,6,5,69,63,Siena
Fairfield,Marist,63,73,Marist,7,9,56,64,Marist
Fairfield,Marist,55,52,Fairfield,7,3,48,49,Marist
Quinnipiac,Fairfield,78,63,Quinnipiac,11,6,67,57,Quinnipiac
Quinnipiac,Fairfield,70,77,Fairfield,12,5,58,72,Fairfield
Fairfield,Saint Peter's,55,50,Fairfield,6,2,49,48,Fairfield
Fairfield,Saint Peter's,49,66,Saint Peter's,5,9,44,57,Saint Peter's
Morgan St,Iona,83,72,Morgan St,11,6,72,66,Morgan St
Iona,Rider,70,56,Iona,4,4,66,52,Iona
Iona,Rider,72,64,Iona,11,1,61,63,Rider
Coppin State,Iona,65,85,Iona,9,11,56,74,Iona
Manhattan,Iona,67,85,Iona,3,10,64,75,Iona
Manhattan,Iona,77,70,Manhattan,8,5,69,65,Manhattan
Iona,Quinnipiac,70,74,Quinnipiac,9,9,61,65,Quinnipiac
Monmouth,Iona,86,91,Iona,5,8,81,83,Iona
Monmouth,Iona,65,88,Iona,8,13,57,75,Iona
Rider,Manhattan,82,64,Rider,6,9,76,55,Rider
Rider,Manhattan,77,87,Manhattan,6,7,71,80,Manhattan
Marist,Manhattan,61,39,Marist,12,2,49,37,Marist
Marist,Manhattan,72,67,Marist,2,8,70,59,Marist
Manhattan,Delaware State,65,59,Manhattan,5,3,60,56,Manhattan
Manhattan,Quinnipiac,79,84,Quinnipiac,6,5,73,79,Quinnipiac
Manhattan,Quinnipiac,45,42,Manhattan,6,3,39,39,Quinnipiac
Niagara,Manhattan,49,58,Manhattan,5,10,44,48,Manhattan
Niagara,Manhattan,55,58,Manhattan,2,6,53,52,Niagara
Manhattan,Saint Peter's,55,59,Saint Peter's,5,8,50,51,Saint Peter's
Manhattan,Saint Peter's,54,68,Saint Peter's,7,5,47,63,Saint Peter's
Monmouth,Manhattan,70,65,Monmouth,6,7,64,58,Monmouth
Monmouth,Manhattan,71,69,Monmouth,5,6,66,63,Monmouth
Manhattan,Siena,69,74,Siena,4,5,65,69,Siena
Manhattan,Siena,56,64,Siena,3,4,53,60,Siena
Niagara,Marist,61,63,Marist,7,13,54,50,Niagara
Niagara,Marist,86,72,Niagara,14,11,72,61,Niagara
Marist,Monmouth,64,80,Monmouth,9,8,55,72,Monmouth
Marist,Monmouth,62,72,Monmouth,3,10,59,62,Monmouth
Marist,Rider,64,76,Rider,4,11,60,65,Rider
Marist,Rider,76,67,Marist,12,7,64,60,Marist
Siena,Marist,54,55,Marist,7,6,47,49,Marist
Siena,Marist,63,50,Siena,7,3,56,47,Siena
Marist,Saint Peter's,54,59,Saint Peter's,7,3,47,56,Saint Peter's
Marist,Saint Peter's,51,50,Marist,4,3,47,47,Saint Peter's
Quinnipiac,Marist,67,76,Marist,14,10,53,66,Marist
Saint Peter's,Monmouth,76,78,Monmouth,11,9,65,69,Monmouth
Saint Peter's,Monmouth,78,76,Saint Peter's,10,5,68,71,Monmouth
Monmouth,Siena,77,78,Siena,8,9,69,69,Monmouth
Monmouth,Siena,62,76,Siena,4,5,58,71,Siena
Quinnipiac,Monmouth,80,92,Monmouth,9,10,71,82,Monmouth
Quinnipiac,Monmouth,63,70,Monmouth,6,7,57,63,Monmouth
Monmouth,Niagara,77,67,Monmouth,9,6,68,61,Monmouth
Monmouth,Niagara,74,83,Niagara,10,7,64,76,Niagara
Niagara,Saint Peter's,54,70,Saint Peter's,4,8,50,62,Saint Peter's
Niagara,Saint Peter's,49,53,Saint Peter's,8,2,41,51,Saint Peter's
Rider,Niagara,76,70,Rider,8,9,68,61,Rider
Rider,Niagara,55,66,Niagara,4,4,51,62,Niagara
Niagara,Quinnipiac,59,56,Niagara,5,6,54,50,Niagara
Niagara,Quinnipiac,69,78,Quinnipiac,4,7,65,71,Quinnipiac
Siena,Niagara,62,64,Niagara,1,6,61,58,Siena
Siena,Niagara,68,66,Siena,7,9,61,57,Siena
Fairleigh Dickinson,Quinnipiac,66,84,Quinnipiac,2,9,64,75,Quinnipiac
Rider,Quinnipiac,64,80,Quinnipiac,5,10,59,70,Quinnipiac
Rider,Quinnipiac,68,93,Quinnipiac,8,14,60,79,Quinnipiac
Siena,Rider,78,69,Siena,10,6,68,63,Siena
Siena,Rider,74,72,Siena,9,8,65,64,Siena
Rider,Saint Peter's,52,66,Saint Peter's,5,1,47,65,Saint Peter's
Rider,Saint Peter's,78,65,Rider,10,6,68,59,Rider
Saint Peter's,St. Francis (BKN),70,64,Saint Peter's,2,6,68,58,Saint Peter's
Saint Peter's,Siena,68,62,Saint Peter's,7,10,61,52,Saint Peter's
Saint Peter's,Siena,40,47,Siena,6,4,34,43,Siena
Monmouth,Siena,77,78,Siena,8,9,69,69,Rider
Monmouth,Siena,77,78,Siena,8,9,69,69,Siena
Cedarville,Akron,49,97,Akron,4,16,45,81,Akron
Malone University,Akron,83,93,Akron,8,4,75,89,Akron
Ohio,Akron,70,90,Akron,8,14,62,76,Akron
Kent State,Akron,62,66,Akron,5,11,57,55,Kent State
Akron,Eastern Michigan,59,71,Eastern Michigan,7,6,52,65,Eastern Michigan
Akron,Northern Illinois,65,67,Northern Illinois,9,7,56,60,Northern Illinois
Toledo,Akron,94,95,Akron,12,14,82,81,Toledo
Akron,Bowling Green,69,57,Akron,8,8,61,49,Akron
Central Michigan,Akron,67,81,Akron,1,12,66,69,Akron
Akron,Western Michigan,79,68,Akron,10,5,69,63,Akron
Eastern Michigan,Akron,65,86,Akron,9,10,56,76,Akron
Ball State,Akron,42,74,Akron,4,8,38,66,Akron
Akron,Toledo,76,91,Toledo,8,13,68,78,Toledo
Akron,Kent State,72,61,Akron,11,6,61,55,Akron
Akron,Miami (OH),83,76,Akron,14,5,69,71,Miami (OH)
Northern Illinois,Akron,76,81,Akron,9,11,67,70,Akron
Akron,Ball State,88,79,Akron,9,8,79,71,Akron
Akron,Ohio,73,90,Ohio,8,10,65,80,Ohio
Bowling Green,Akron,83,71,Bowling Green,7,7,76,64,Bowling Green
Ball State,Northern Illinois,79,70,Ball State,10,5,69,65,Ball State
Illinois State,Ball State,66,82,Ball State,9,9,57,73,Ball State
Ball State,Indiana State,57,67,Indiana State,5,4,52,63,Indiana State
Ball State,Western Michigan,76,68,Ball State,9,6,67,62,Ball State
Ohio,Ball State,78,68,Ohio,7,9,71,59,Ohio
Ball State,Buffalo,69,86,Buffalo,5,11,64,75,Buffalo
Ball State,Bowling Green,88,64,Ball State,12,5,76,59,Ball State
Northern Illinois,Ball State,58,78,Ball State,8,8,50,70,Ball State
Ball State,Miami (OH),71,81,Miami (OH),8,8,63,73,Miami (OH)
Ball State,Ohio,77,85,Ohio,12,5,65,80,Ohio
Buffalo,Ball State,78,58,Buffalo,8,7,70,51,Buffalo
Toledo,Ball State,67,81,Ball State,7,15,60,66,Ball State
Bowling Green,Ball State,75,62,Bowling Green,7,5,68,57,Bowling Green
Kent State,Ball State,71,90,Ball State,5,13,66,77,Ball State
Central Michigan,Ball State,91,97,Ball State,10,13,81,84,Ball State
South Carolina State,Bowling Green,78,101,Bowling Green,13,10,65,91,Bowling Green
Bowling Green,Appalachian State,78,76,Bowling Green,7,13,71,63,Bowling Green
Purdue Northwest,Bowling Green,67,88,Bowling Green,6,10,61,78,Bowling Green
Buffalo,Bowling Green,78,86,Bowling Green,4,9,74,77,Bowling Green
Bowling Green,Ohio,83,75,Bowling Green,7,12,76,63,Bowling Green
Bowling Green,Northern Illinois,68,42,Bowling Green,6,2,62,40,Bowling Green
Central Michigan,Bowling Green,69,90,Bowling Green,6,8,63,82,Bowling Green
Bowling Green,Central Michigan,93,65,Bowling Green,12,3,81,62,Bowling Green
Bowling Green,Buffalo,76,69,Bowling Green,5,6,71,63,Bowling Green
Bowling Green,Miami (OH),77,96,Miami (OH),6,11,71,85,Miami (OH)
Bowling Green,Kent State,91,96,Kent State,10,13,81,83,Kent State
Toledo,Bowling Green,84,66,Toledo,10,8,74,58,Toledo
Western Michigan,Bowling Green,76,70,Western Michigan,12,8,64,62,Western Michigan
Kent State,Bowling Green,71,67,Kent State,7,9,64,58,Kent State
Bowling Green,Toledo,88,81,Bowling Green,10,11,78,70,Bowling Green
Bowling Green,Eastern Michigan,82,69,Bowling Green,15,5,67,64,Bowling Green
Buffalo,Army,74,78,Army,5,4,69,74,Army
Mercyhurst,Buffalo,64,81,Buffalo,7,6,57,75,Buffalo
Buffalo,Miami (OH),90,62,Buffalo,11,6,79,56,Buffalo
Buffalo,Western Michigan,85,69,Buffalo,10,8,75,61,Buffalo
Buffalo,Kent State,81,84,Kent State,6,4,75,80,Kent State
Eastern Michigan,Buffalo,77,92,Buffalo,5,8,72,84,Buffalo
Ohio,Buffalo,76,75,Ohio,6,8,70,67,Ohio
Miami (OH),Buffalo,64,88,Buffalo,8,11,56,77,Buffalo
Western Michigan,Buffalo,54,86,Buffalo,5,8,49,78,Buffalo
Toledo,Buffalo,80,70,Toledo,10,2,70,68,Toledo
Buffalo,Northern Illinois,102,74,Buffalo,3,5,99,69,Buffalo
Central Michigan,Buffalo,73,85,Buffalo,7,5,66,80,Buffalo
Buffalo,Ohio,86,66,Buffalo,6,4,80,62,Buffalo
Flagler,Central Michigan,92,73,Flagler,7,9,85,64,Flagler
Central Michigan,Western Illinois,79,73,Central Michigan,6,7,73,66,Central Michigan
Valparaiso,Central Michigan,79,84,Central Michigan,7,9,72,75,Central Michigan
St. Francis (ILL),Central Michigan,39,91,Central Michigan,2,6,37,85,Central Michigan
Central Michigan,Western Michigan,61,76,Western Michigan,5,8,56,68,Western Michigan
Olivet College,Central Michigan,66,127,Central Michigan,8,13,58,114,Central Michigan
Central Michigan,Eastern Michigan,87,60,Central Michigan,9,9,78,51,Central Michigan
Kent State,Central Michigan,94,85,Kent State,7,4,87,81,Kent State
Eastern Michigan,Central Michigan,64,75,Central Michigan,3,8,61,67,Central Michigan
Central Michigan,Toledo,72,89,Toledo,4,9,68,80,Toledo
Central Michigan,Kent State,76,83,Kent State,9,9,67,74,Kent State
Ohio,Central Michigan,83,69,Ohio,6,9,77,60,Ohio
Western Michigan,Central Michigan,67,65,Western Michigan,9,3,58,62,Central Michigan
Miami (OH),Central Michigan,96,54,Miami (OH),18,5,78,49,Miami (OH)
Toledo,Eastern Michigan,91,74,Toledo,11,9,80,65,Toledo
Adrian College,Eastern Michigan,35,95,Eastern Michigan,2,7,33,88,Eastern Michigan
Olivet College,Eastern Michigan,65,94,Eastern Michigan,11,14,54,80,Eastern Michigan
Eastern Michigan,Toledo,63,96,Toledo,7,17,56,79,Toledo
Calvin,Eastern Michigan,56,67,Eastern Michigan,7,4,49,63,Eastern Michigan
Miami (OH),Eastern Michigan,85,63,Miami (OH),8,5,77,58,Miami (OH)
Eastern Michigan,Kent State,51,64,Kent State,5,8,46,56,Kent State
Eastern Michigan,Ohio,67,86,Ohio,8,12,59,74,Ohio
Northern Illinois,Eastern Michigan,57,91,Eastern Michigan,6,12,51,79,Eastern Michigan
Point Park,Kent State,41,90,Kent State,5,5,36,85,Kent State
Toledo,Kent State,84,82,Toledo,13,13,71,69,Toledo
Western Michigan,Kent State,54,80,Kent State,4,9,50,71,Kent State
Kent State,Ohio,89,79,Kent State,9,14,80,65,Kent State
Kent State,Toledo,74,76,Toledo,7,8,67,68,Toledo
Miami (OH),Kent State,68,77,Kent State,7,11,61,66,Kent State
Northern Illinois,Kent State,58,80,Kent State,6,11,52,69,Kent State
Kent State,Western Michigan,76,69,Kent State,5,9,71,60,Kent State
Kent State,Miami (OH),64,51,Kent State,6,8,58,43,Kent State
North Dakota,Miami (OH),67,81,Miami (OH),7,5,60,76,Miami (OH)
Western Illinois,Miami (OH),57,67,Miami (OH),7,7,50,60,Miami (OH)
Mount St. Joseph,Miami (OH),64,79,Miami (OH),9,12,55,67,Miami (OH)
Miami (OH),Bradley,68,69,Bradley,13,6,55,63,Bradley
Northern Illinois,Miami (OH),58,70,Miami (OH),6,10,52,60,Miami (OH)
Miami (OH),Ohio,61,78,Ohio,8,11,53,67,Ohio
Toledo,Miami (OH),90,81,Toledo,11,8,79,73,Toledo
Western Michigan,Miami (OH),56,65,Miami (OH),3,5,53,60,Miami (OH)
Miami (OH),Toledo,75,87,Toledo,11,15,64,72,Toledo
Miami (OH),Northern Illinois,69,64,Miami (OH),7,7,62,57,Miami (OH)
Miami (OH),Western Michigan,74,66,Miami (OH),10,8,64,58,Miami (OH)
SIU Edwardsville,Northern Illinois,73,53,SIU Edwardsville,8,2,65,51,SIU Edwardsville
Chicago State,Northern Illinois,54,64,Northern Illinois,8,3,46,61,Northern Illinois
Northern Illinois,Toledo,55,78,Toledo,1,12,54,66,Toledo
Northern Illinois,Ohio,73,76,Ohio,10,8,63,68,Ohio
Chicago State,Ohio,61,84,Ohio,4,8,57,76,Ohio
Ohio,North Carolina A&T,84,72,Ohio,13,9,71,63,Ohio
Purdue Northwest,Ohio,72,92,Ohio,7,6,65,86,Ohio
Ohio,Toledo,78,95,Toledo,9,12,69,83,Toledo
Western Michigan,Ohio,58,81,Ohio,8,7,50,74,Ohio
Bradley,Toledo,61,59,Bradley,5,11,56,48,Bradley
UM Kansas City,Toledo,57,64,Toledo,6,7,51,57,Toledo
Valparaiso,Toledo,57,71,Toledo,4,10,53,61,Toledo
Toledo,Western Michigan,70,59,Toledo,8,5,62,54,Toledo
Western Michigan,Toledo,44,91,Toledo,3,13,41,78,Toledo
Adrian College,Western Michigan,42,62,Western Michigan,3,2,39,60,Western Michigan
UNC Greensboro,Coppin State,80,86,Coppin State,5,10,75,76,Coppin State
Delaware State,Coppin State,78,86,Coppin State,10,9,68,77,Coppin State
Delaware State,Coppin State,77,81,Coppin State,13,8,64,73,Coppin State
Coppin State,Morgan St,72,92,Morgan St,9,10,63,82,Morgan St
Coppin State,Morgan St,89,79,Coppin State,12,11,77,68,Coppin State
Norfolk St,Coppin State,71,81,Coppin State,5,12,66,69,Coppin State
Norfolk St,Coppin State,77,81,Coppin State,8,12,69,69,Coppin State
Morgan St,Coppin State,79,76,Morgan St,8,6,71,70,Morgan St
Morgan St,Coppin State,95,82,Morgan St,13,6,82,76,Morgan St
Coppin State,Norfolk St,72,84,Norfolk St,10,6,62,78,Norfolk St
Coppin State,Norfolk St,74,64,Coppin State,11,9,63,55,Coppin State
Coppin State,Delaware State,81,68,Coppin State,7,5,74,63,Coppin State
Coppin State,Delaware State,94,74,Coppin State,10,7,84,67,Coppin State
Delaware State,Coastal Carolina,73,99,Coastal Carolina,11,6,62,93,Coastal Carolina
Norfolk St,Delaware State,87,76,Norfolk St,13,12,74,64,Norfolk St
Norfolk St,Delaware State,83,79,Norfolk St,5,12,78,67,Norfolk St
Delaware State,Morgan St,83,99,Morgan St,9,7,74,92,Morgan St
Delaware State,Norfolk St,66,94,Norfolk St,8,15,58,79,Norfolk St
Lancaster Bible College,Delaware State,80,81,Delaware State,10,7,70,74,Delaware State
Delaware State,Morgan St,69,74,Morgan St,10,3,59,71,Morgan St
St. Mary's (MD),Delaware State,58,75,Delaware State,7,7,51,68,Delaware State
Delaware State,Norfolk St,55,86,Norfolk St,6,9,49,77,Norfolk St
Florida A&M,Georgia,75,85,Georgia,2,5,73,80,Georgia
Florida A&M,Oregon,66,87,Oregon,3,6,63,81,Oregon
Florida A&M,Austin Peay,76,70,Florida A&M,7,6,69,64,Florida A&M
Florida A&M,South Carolina,71,78,South Carolina,6,8,65,70,South Carolina
South Carolina State,Florida A&M,68,70,Florida A&M,7,6,61,64,Florida A&M
Florida A&M,North Carolina A&T,58,70,North Carolina A&T,6,6,52,64,North Carolina A&T
Florida A&M,North Carolina A&T,65,67,North Carolina A&T,3,8,62,59,Florida A&M
North Carolina Central,Florida A&M,50,59,Florida A&M,2,6,48,53,Florida A&M
North Carolina Central,Florida A&M,47,60,Florida A&M,3,4,44,56,Florida A&M
North Carolina A&T,Florida A&M,57,71,Florida A&M,4,3,53,68,Florida A&M
North Carolina A&T,Florida A&M,70,63,North Carolina A&T,4,5,66,58,North Carolina A&T
Florida A&M,South Carolina State,75,67,Florida A&M,2,6,73,61,Florida A&M
Florida A&M,South Carolina State,57,63,South Carolina State,3,5,54,58,South Carolina State
Florida A&M,South Carolina State,63,58,Florida A&M,3,6,60,52,Florida A&M
Belmont,Howard,95,78,Belmont,9,11,86,67,Belmont
Howard,Queens NC,71,85,Queens NC,2,7,69,78,Queens NC
Mount St. Mary's,Morgan St,62,55,Mount St. Mary's,4,3,58,52,Mount St. Mary's
Lincoln PA,Morgan St,94,102,Morgan St,8,14,86,88,Morgan St
W. Virginia Tech,Morgan St,73,67,W. Virginia Tech,12,5,61,62,Morgan St
Morgan St,Norfolk St,78,74,Morgan St,8,10,70,64,Morgan St
Morgan St,Norfolk St,85,89,Norfolk St,13,9,72,80,Norfolk St
St. Mary's (MD),Morgan St,41,99,Morgan St,4,9,37,90,Morgan St
Norfolk St,Morgan St,74,69,Norfolk St,8,7,66,62,Norfolk St
Norfolk St,Morgan St,68,65,Norfolk St,4,4,64,61,Norfolk St
Norfolk St,UNC Greensboro,47,64,UNC Greensboro,2,4,45,60,UNC Greensboro
NC Wesleyan,Norfolk St,58,80,Norfolk St,5,7,53,73,Norfolk St
St. Mary's (MD),Norfolk St,51,72,Norfolk St,6,6,45,66,Norfolk St
North Carolina A&T,Chicago State,74,44,North Carolina A&T,10,4,64,40,North Carolina A&T
North Carolina A&T,The Citadel,70,78,The Citadel,4,11,66,67,The Citadel
Stanford,North Carolina A&T,78,46,Stanford,8,4,70,42,Stanford
Western Carolina,North Carolina A&T,104,98,Western Carolina,11,11,93,87,Western Carolina
Greensboro,North Carolina A&T,45,91,North Carolina A&T,10,10,35,81,North Carolina A&T
UNC Greensboro,North Carolina A&T,86,65,UNC Greensboro,9,3,77,62,UNC Greensboro
North Carolina A&T,South Carolina State,97,86,North Carolina A&T,3,11,94,75,North Carolina A&T
North Carolina A&T,South Carolina State,73,66,North Carolina A&T,4,10,69,56,North Carolina A&T
Carver College,North Carolina A&T,46,112,North Carolina A&T,3,12,43,100,North Carolina A&T
North Carolina A&T,North Carolina Central,79,63,North Carolina A&T,6,7,73,56,North Carolina A&T
North Carolina Central,North Carolina A&T,53,55,North Carolina A&T,7,7,46,48,North Carolina A&T
Southern,North Carolina Central,78,85,North Carolina Central,6,9,72,76,North Carolina Central
North Carolina Central,Coastal Carolina,71,78,Coastal Carolina,5,7,66,71,Coastal Carolina
Carver College,North Carolina Central,61,94,North Carolina Central,5,9,56,85,North Carolina Central
South Carolina State,North Carolina Central,77,91,North Carolina Central,7,14,70,77,North Carolina Central
South Carolina State,North Carolina Central,63,64,North Carolina Central,6,8,57,56,South Carolina State
Appalachian State,South Carolina State,81,61,Appalachian State,7,7,74,54,Appalachian State
South Carolina State,Furman,52,118,Furman,4,21,48,97,Furman
Judson College,Bradley,32,105,Bradley,3,9,29,96,Bradley
South Dakota State,Bradley,88,84,South Dakota State,17,8,71,76,Bradley
Lewis,Bradley,62,95,Bradley,7,11,55,84,Bradley
Jackson State,Bradley,60,83,Bradley,3,8,57,75,Bradley
Bradley,Missouri,53,54,Missouri,2,3,51,51,Bradley
Bradley,Northern Iowa,72,78,Northern Iowa,10,10,62,68,Northern Iowa
Bradley,Northern Iowa,75,73,Bradley,8,12,67,61,Bradley
Evansville,Bradley,60,69,Bradley,14,3,46,66,Bradley
Evansville,Bradley,55,86,Bradley,9,10,46,76,Bradley
Bradley,Illinois State,56,71,Illinois State,6,9,50,62,Illinois State
Loyola Chicago,Bradley,69,56,Loyola Chicago,3,2,66,54,Loyola Chicago
Loyola Chicago,Bradley,65,58,Loyola Chicago,9,6,56,52,Loyola Chicago
Bradley,Valparaiso,85,91,Valparaiso,4,11,81,80,Bradley
Bradley,Indiana State,57,60,Indiana State,3,7,54,53,Bradley
Bradley,Indiana State,55,67,Indiana State,4,7,51,60,Indiana State
Southern Illinois,Bradley,66,74,Bradley,11,10,55,64,Bradley
Southern Illinois,Bradley,69,68,Southern Illinois,11,8,58,60,Bradley
Bradley,Valparaiso,76,52,Bradley,13,7,63,45,Bradley
Bradley,Missouri State,58,80,Missouri State,3,14,55,66,Missouri State
Bradley,Missouri State,57,72,Missouri State,8,11,49,61,Missouri State
Illinois State,Bradley,88,71,Illinois State,10,8,78,63,Illinois State
Drake,Bradley,80,71,Drake,12,8,68,63,Drake
Drake,Bradley,61,67,Bradley,2,6,59,61,Bradley
South Dakota,Drake,53,69,Drake,2,7,51,62,Drake
Omaha,Drake,66,87,Drake,6,8,60,79,Drake
St. Ambrose,Drake,53,97,Drake,10,14,43,83,Drake
McKendree,Drake,66,90,Drake,11,4,55,86,Drake
Air Force,Drake,53,81,Drake,4,10,49,71,Drake
Drake,South Dakota,75,57,Drake,7,4,68,53,Drake
Chicago State,Drake,67,111,Drake,7,12,60,99,Drake
North Dakota,Drake,55,88,Drake,3,8,52,80,Drake
Drake,Indiana State,81,63,Drake,9,7,72,56,Drake
Drake,Indiana State,73,66,Drake,4,6,69,60,Drake
Southern Illinois,Drake,55,73,Drake,6,9,49,64,Drake
Southern Illinois,Drake,55,86,Drake,7,9,48,77,Drake
Drake,Missouri State,68,61,Drake,4,2,64,59,Drake
Drake,Missouri State,78,73,Drake,4,5,74,68,Drake
Illinois State,Drake,76,78,Drake,9,4,67,74,Drake
Illinois State,Drake,60,95,Drake,6,13,54,82,Drake
Drake,Valparaiso,80,77,Drake,5,12,75,65,Drake
Drake,Valparaiso,57,74,Valparaiso,2,4,55,70,Valparaiso
Northern Iowa,Drake,59,80,Drake,5,6,54,74,Drake
Loyola Chicago,Drake,81,54,Loyola Chicago,5,3,76,51,Loyola Chicago
Loyola Chicago,Drake,50,51,Drake,4,3,46,48,Drake
Drake,Northern Iowa,77,69,Drake,9,7,68,62,Drake
Evansville,Drake,71,85,Drake,5,11,66,74,Drake
Evansville,Drake,63,74,Drake,9,8,54,66,Drake
Evansville,Prairie View A&M,61,64,Prairie View A&M,7,5,54,59,Prairie View A&M
Evansville,UT Martin,87,93,UT Martin,15,10,72,83,UT Martin
Eastern Illinois,Evansville,65,68,Evansville,11,9,54,59,Evansville
Southeast Missouri State,Evansville,63,66,Evansville,8,8,55,58,Evansville
Belmont,Evansville,72,63,Belmont,4,11,68,52,Belmont
Evansville,Southern Illinois,57,63,Southern Illinois,10,2,47,61,Southern Illinois
Evansville,Southern Illinois,84,72,Evansville,17,10,67,62,Evansville
Northern Iowa,Evansville,61,65,Evansville,0,11,61,54,Northern Iowa
Northern Iowa,Evansville,64,70,Evansville,7,12,57,58,Evansville
Illinois State,Evansville,48,57,Evansville,6,7,42,50,Evansville
Illinois State,Evansville,73,68,Illinois State,7,13,66,55,Illinois State
Valparaiso,Evansville,52,70,Evansville,5,6,47,64,Evansville
Valparaiso,Evansville,51,58,Evansville,5,8,46,50,Evansville
Evansville,Loyola Chicago,55,68,Loyola Chicago,11,4,44,64,Loyola Chicago
Evansville,Loyola Chicago,58,69,Loyola Chicago,7,3,51,66,Loyola Chicago
Indiana State,Evansville,76,70,Indiana State,5,7,71,63,Indiana State
Evansville,Indiana State,73,87,Indiana State,12,7,61,80,Indiana State
Missouri State,Evansville,90,81,Missouri State,8,10,82,71,Missouri State
Missouri State,Evansville,63,72,Evansville,1,12,62,60,Missouri State
Greenville,Illinois State,108,177,Illinois State,14,8,94,169,Illinois State
Illinois State,Murray State,65,76,Murray State,5,9,60,67,Murray State
Chicago State,Illinois State,62,91,Illinois State,5,17,57,74,Illinois State
Illinois State,Loyola Chicago,60,90,Loyola Chicago,8,12,52,78,Loyola Chicago
Illinois State,Loyola Chicago,55,86,Loyola Chicago,8,8,47,78,Loyola Chicago
Indiana State,Illinois State,73,65,Indiana State,5,7,68,58,Indiana State
Indiana State,Illinois State,74,68,Indiana State,5,7,69,61,Indiana State
Valparaiso,Illinois State,69,60,Valparaiso,9,7,60,53,Valparaiso
Valparaiso,Illinois State,70,66,Valparaiso,6,7,64,59,Valparaiso
Missouri State,Illinois State,74,67,Missouri State,7,7,67,60,Missouri State
Missouri State,Illinois State,72,62,Missouri State,11,10,61,52,Missouri State
Illinois State,Southern Illinois,80,55,Illinois State,10,6,70,49,Illinois State
Illinois State,Southern Illinois,49,59,Southern Illinois,4,10,45,49,Southern Illinois
Northern Iowa,Illinois State,70,56,Northern Iowa,5,5,65,51,Northern Iowa
Northern Iowa,Illinois State,94,87,Northern Iowa,11,8,83,79,Northern Iowa
Truman State,Indiana State,66,80,Indiana State,12,5,54,75,Indiana State
Southeast Missouri State,Indiana State,66,72,Indiana State,6,4,60,68,Indiana State
Indiana State,Missouri State,74,84,Missouri State,9,8,65,76,Missouri State
Indiana State,Missouri State,66,70,Missouri State,5,6,61,64,Missouri State
Loyola Chicago,Indiana State,71,76,Indiana State,9,8,62,68,Indiana State
Loyola Chicago,Indiana State,58,48,Loyola Chicago,6,7,52,41,Loyola Chicago
Southern Illinois,Indiana State,66,69,Indiana State,8,5,58,64,Indiana State
Southern Illinois,Indiana State,59,71,Indiana State,8,8,51,63,Indiana State
Indiana State,Northern Iowa,61,57,Indiana State,6,7,55,50,Indiana State
Indiana State,Northern Iowa,67,70,Northern Iowa,9,11,58,59,Northern Iowa
Indiana State,Valparaiso,58,43,Indiana State,3,3,55,40,Indiana State
Indiana State,Valparaiso,58,70,Valparaiso,6,8,52,62,Valparaiso
Lewis,Loyola Chicago,48,76,Loyola Chicago,4,10,44,66,Loyola Chicago
Chicago State,Loyola Chicago,51,88,Loyola Chicago,2,8,49,80,Loyola Chicago
St. Francis (ILL),Loyola Chicago,55,92,Loyola Chicago,5,12,50,80,Loyola Chicago
Northern Iowa,Loyola Chicago,57,72,Loyola Chicago,5,6,52,66,Loyola Chicago
Northern Iowa,Loyola Chicago,46,88,Loyola Chicago,3,11,43,77,Loyola Chicago
Loyola Chicago,Valparaiso,75,39,Loyola Chicago,5,3,70,36,Loyola Chicago
Loyola Chicago,Missouri State,72,46,Loyola Chicago,2,6,70,40,Loyola Chicago
Loyola Chicago,Missouri State,70,50,Loyola Chicago,8,0,62,50,Loyola Chicago
Valparaiso,Loyola Chicago,52,54,Loyola Chicago,5,10,47,44,Valparaiso
Southern Illinois,Loyola Chicago,52,60,Loyola Chicago,12,5,40,55,Loyola Chicago
Southern Illinois,Loyola Chicago,58,65,Loyola Chicago,7,3,51,62,Loyola Chicago
William Jewell,Missouri State,64,73,Missouri State,9,5,55,68,Missouri State
Northwestern State,Missouri State,67,94,Missouri State,7,12,60,82,Missouri State
Little Rock,Missouri State,77,85,Missouri State,7,13,70,72,Missouri State
Missouri State,Northern Iowa,79,59,Missouri State,11,4,68,55,Missouri State
Missouri State,Northern Iowa,75,85,Northern Iowa,8,7,67,78,Northern Iowa
Missouri State,Valparaiso,81,68,Missouri State,9,11,72,57,Missouri State
Missouri State,Valparaiso,78,68,Missouri State,7,7,71,61,Missouri State
Missouri Science & Technology,Missouri State,49,94,Missouri State,10,11,39,83,Missouri State
Southern Illinois,Missouri State,53,65,Missouri State,5,6,48,59,Missouri State
Missouri State,Southern Illinois,68,53,Missouri State,5,6,63,47,Missouri State
Northern Iowa,Saint Mary's,64,66,Saint Mary's,7,9,57,57,Western Kentucky
Utah State,Northern Iowa,82,71,Utah State,7,14,75,57,Utah State
St. Ambrose,Northern Iowa,53,98,Northern Iowa,2,10,51,88,Northern Iowa
Coe,Northern Iowa,60,70,Northern Iowa,8,9,52,61,Northern Iowa
Northern Iowa,Southern Illinois,74,62,Northern Iowa,5,6,69,56,Northern Iowa
Northern Iowa,Southern Illinois,68,71,Southern Illinois,7,15,61,56,Northern Iowa
Valparaiso,Northern Iowa,70,57,Valparaiso,11,5,59,52,Valparaiso
Valparaiso,Northern Iowa,60,74,Northern Iowa,4,8,56,66,Northern Iowa
Southern Illinois,Southeast Missouri State,87,79,Southern Illinois,9,6,78,73,Southern Illinois
Quincy,Southern Illinois,61,102,Southern Illinois,7,10,54,92,Southern Illinois
Murray State,Southern Illinois,66,70,Southern Illinois,8,9,58,61,Southern Illinois
North Dakota,Southern Illinois,64,85,Southern Illinois,11,10,53,75,Southern Illinois
North Dakota,Southern Illinois,50,62,Southern Illinois,6,6,44,56,Southern Illinois
Valparaiso,Southern Illinois,66,65,Valparaiso,8,9,58,56,Valparaiso
Valparaiso,Southern Illinois,64,67,Southern Illinois,8,4,56,63,Southern Illinois
Valparaiso,Vanderbilt,71,77,Vanderbilt,11,8,60,69,Vanderbilt
Judson College,Valparaiso,45,85,Valparaiso,4,10,41,75,Valparaiso
SIU Edwardsville,Valparaiso,58,80,Valparaiso,2,7,56,73,Valparaiso
Purdue Northwest,Valparaiso,71,89,Valparaiso,8,5,63,84,Valparaiso
Seattle U,Air Force,63,45,Seattle U,11,6,52,39,Seattle U
Lamar,Air Force,44,59,Air Force,1,9,43,50,Air Force
Air Force,Nevada,57,74,Nevada,6,8,51,66,Nevada
Air Force,Nevada,68,66,Air Force,6,2,62,64,Nevada
Utah State,Air Force,83,48,Utah State,12,5,71,43,Utah State
Utah State,Air Force,72,53,Utah State,7,5,65,48,Utah State
Air Force,Boise State,59,78,Boise State,5,10,54,68,Boise State
Air Force,Boise State,69,80,Boise State,9,7,60,73,Boise State
Wyoming,Air Force,69,72,Air Force,10,8,59,64,Air Force
Wyoming,Air Force,77,58,Wyoming,16,1,61,57,Wyoming
San Diego State,Air Force,98,61,San Diego State,13,9,85,52,San Diego State
San Diego State,Air Force,91,59,San Diego State,16,8,75,51,San Diego State
Air Force,San José St,58,59,San José St,8,6,50,53,San José St
Air Force,San José St,62,75,San José St,11,9,51,66,San José St
Air Force,UNLV,58,68,UNLV,15,2,43,66,UNLV
Air Force,UNLV,64,69,UNLV,9,9,55,60,UNLV
Fresno State,Air Force,69,63,Fresno State,6,11,63,52,Fresno State
Fresno State,Air Force,67,64,Fresno State,2,6,65,58,Fresno State
New Mexico,Air Force,73,65,New Mexico,2,6,71,59,New Mexico
New Mexico,Air Force,55,62,Air Force,5,4,50,58,Air Force
Air Force,Colorado State,49,72,Colorado State,5,9,44,63,Colorado State
Boise State,Sam Houston State,86,55,Boise State,10,3,76,52,Boise State
College of Idaho,Boise State,49,86,Boise State,5,7,44,79,Boise State
Boise State,BYU,74,70,Boise State,6,7,68,63,Boise State
New Mexico,Boise State,53,77,Boise State,5,5,48,72,Boise State
New Mexico,Boise State,52,89,Boise State,1,11,51,78,Boise State
Boise State,San José St,106,54,Boise State,11,3,95,51,Boise State
Boise State,San José St,87,86,Boise State,8,14,79,72,Boise State
Boise State,Wyoming,83,60,Boise State,7,6,76,54,Boise State
Boise State,Wyoming,90,70,Boise State,5,7,85,63,Boise State
Fresno State,Boise State,51,73,Boise State,3,6,48,67,Boise State
Boise State,Colorado State,56,78,Colorado State,5,8,51,70,Colorado State
Boise State,Colorado State,85,77,Boise State,9,9,76,68,Boise State
Boise State,Nevada,72,74,Nevada,11,8,61,66,Nevada
Boise State,Nevada,62,73,Nevada,7,6,55,67,Nevada
UNLV,Boise State,66,78,Boise State,12,8,54,70,Boise State
UNLV,Boise State,59,61,Boise State,8,8,51,53,Boise State
Utah State,Boise State,70,79,Boise State,3,8,67,71,Boise State
Utah State,Boise State,77,81,Boise State,4,7,73,74,Boise State
Boise State,San Diego State,66,78,San Diego State,12,6,54,72,San Diego State
Boise State,San Diego State,58,62,San Diego State,5,5,53,57,San Diego State
Colorado State-Pueblo,Colorado State,77,89,Colorado State,11,6,66,83,Colorado State
Colorado State,Saint Mary's,33,53,Saint Mary's,2,7,31,46,Saint Mary's
Colorado State,Santa Clara,70,57,Colorado State,10,5,60,52,Colorado State
Fresno State,Colorado State,53,75,Colorado State,4,12,49,63,Colorado State
Fresno State,Colorado State,59,81,Colorado State,6,9,53,72,Colorado State
Colorado State,San Diego State,70,67,Colorado State,11,14,59,53,Colorado State
Colorado State,San Diego State,65,78,San Diego State,7,14,58,64,San Diego State
UNLV,Colorado State,71,74,Colorado State,7,12,64,62,UNLV
UNLV,Colorado State,80,83,Colorado State,6,16,74,67,UNLV
Colorado State,San José St,90,57,Colorado State,12,8,78,49,Colorado State
Colorado State,San José St,88,61,Colorado State,12,6,76,55,Colorado State
Colorado State,Utah State,64,83,Utah State,9,10,55,73,Utah State
Colorado State,Utah State,84,76,Colorado State,9,8,75,68,Colorado State
Colorado State,Wyoming,74,72,Colorado State,6,10,68,62,Colorado State
Colorado State,Wyoming,68,59,Colorado State,3,6,65,53,Colorado State
William Jessup,Fresno State,47,87,Fresno State,8,5,39,82,Fresno State
Fresno Pacific,Fresno State,65,78,Fresno State,10,8,55,70,Fresno State
Wyoming,Fresno State,78,74,Wyoming,12,5,66,69,Fresno State
Wyoming,Fresno State,61,81,Fresno State,5,6,56,75,Fresno State
San José St,Fresno State,64,79,Fresno State,6,7,58,72,Fresno State
San José St,Fresno State,65,80,Fresno State,7,13,58,67,Fresno State
Fresno State,Nevada,57,73,Nevada,7,10,50,63,Nevada
Fresno State,Nevada,65,79,Nevada,6,5,59,74,Nevada
New Mexico,Fresno State,62,64,Fresno State,1,10,61,54,New Mexico
New Mexico,Fresno State,55,65,Fresno State,5,7,50,58,Fresno State
Utah State,Fresno State,69,53,Utah State,6,4,63,49,Utah State
San Diego State,Fresno State,67,53,San Diego State,5,6,62,47,San Diego State
San Diego State,Fresno State,75,57,San Diego State,8,5,67,52,San Diego State
Fresno State,UNLV,67,64,Fresno State,10,3,57,61,UNLV
Fresno State,UNLV,67,68,UNLV,10,8,57,60,UNLV
Nevada,North Dakota State,62,48,Nevada,8,6,54,42,Nevada
Pacific,Nevada,58,70,Nevada,6,10,52,60,Nevada
San Francisco,Nevada,85,60,San Francisco,15,4,70,56,San Francisco
William Jessup,Nevada,64,86,Nevada,10,8,54,78,Nevada
Nevada,Grand Canyon,77,87,Grand Canyon,9,9,68,78,Grand Canyon
Nevada,San Diego,79,72,Nevada,10,11,69,61,Nevada
Nevada,New Mexico,68,54,Nevada,4,3,64,51,Nevada
Nevada,New Mexico,84,74,Nevada,13,9,71,65,Nevada
Nevada,San Diego State,60,65,San Diego State,7,6,53,59,San Diego State
Nevada,San Diego State,67,69,San Diego State,7,7,60,62,San Diego State
Nevada,Wyoming,64,71,Wyoming,4,12,60,59,Nevada
Nevada,Wyoming,88,93,Wyoming,6,10,82,83,Wyoming
UNLV,Nevada,60,89,Nevada,8,14,52,75,Nevada
UNLV,Nevada,62,72,Nevada,9,6,53,66,Nevada
Nevada,Utah State,72,75,Utah State,13,11,59,64,Utah State
Nevada,Utah State,66,87,Utah State,8,4,58,83,Utah State
Our Lady of the Lake,New Mexico,65,104,New Mexico,10,10,55,94,New Mexico
Le Tourneau,New Mexico,58,90,New Mexico,11,2,47,88,New Mexico
Utah State,New Mexico,77,45,Utah State,4,5,73,40,Utah State
Utah State,New Mexico,82,46,Utah State,7,5,75,41,Utah State
New Mexico,Dixie State,72,63,New Mexico,2,8,70,55,New Mexico
New Mexico,UNLV,54,77,UNLV,3,10,51,67,UNLV
New Mexico,UNLV,46,53,UNLV,6,6,40,47,UNLV
San José St,New Mexico,51,67,New Mexico,3,3,48,64,New Mexico
San José St,New Mexico,83,71,San José St,10,5,73,66,San José St
Wyoming,New Mexico,83,74,Wyoming,13,7,70,67,Wyoming
Wyoming,New Mexico,79,67,Wyoming,9,3,70,64,Wyoming
UCLA,San Diego State,58,73,San Diego State,7,9,51,64,San Diego State
St. Katherine,San Diego State,41,83,San Diego State,7,11,34,72,San Diego State
Pepperdine,San Diego State,60,65,San Diego State,7,2,53,63,San Diego State
San Diego State,Arizona State,80,68,San Diego State,8,13,72,55,San Diego State
BYU,San Diego State,72,62,BYU,7,9,65,53,BYU
San Diego State,Saint Mary's,74,49,San Diego State,7,5,67,44,San Diego State
San Diego State,Utah State,45,57,Utah State,5,9,40,48,Utah State
San Diego State,Utah State,59,64,Utah State,6,7,53,57,Utah State
Wyoming,San Diego State,57,87,San Diego State,10,11,47,76,San Diego State
Wyoming,San Diego State,71,98,San Diego State,10,11,61,87,San Diego State
San José St,San Diego State,54,85,San Diego State,7,6,47,79,San Diego State
San José St,San Diego State,55,77,San Diego State,10,10,45,67,San Diego State
Fresno Pacific,San José St,79,87,San José St,5,10,74,77,San José St
San José St,Saint Mary's,61,96,Saint Mary's,9,6,52,90,Saint Mary's
San José St,Utah State,62,107,Utah State,6,11,56,96,Utah State
San José St,Utah State,52,85,Utah State,4,8,48,77,Utah State
Benedictine (AZ),San José St,64,80,San José St,10,8,54,72,San José St
UNLV,San José St,76,60,UNLV,5,7,71,53,UNLV
UNLV,San José St,67,64,UNLV,7,9,60,55,UNLV
UNLV,Alabama,74,86,Alabama,13,15,61,71,Alabama
St. Katherine,UNLV,34,95,UNLV,2,12,32,83,UNLV
Benedict,UNLV,45,99,UNLV,8,8,37,91,UNLV
Utah State,UNLV,56,59,UNLV,5,13,51,46,Utah State
Utah State,UNLV,83,74,Utah State,10,10,73,64,Utah State
Utah State,South Dakota State,59,83,South Dakota State,7,15,52,68,South Dakota State
BYU,Utah State,67,64,BYU,8,2,59,62,Utah State
College of Idaho,Utah State,64,90,Utah State,12,4,52,86,Utah State
Mississippi Valley State,Wyoming,61,97,Wyoming,9,13,52,84,Wyoming
Texas Southern,Wyoming,76,74,Texas Southern,3,8,73,66,Texas Southern
Incarnate Word,Wyoming,83,94,Wyoming,10,10,73,84,Wyoming
Wyoming,Oregon State,76,73,Wyoming,8,7,68,66,Wyoming
Denver,Wyoming,61,83,Wyoming,4,10,57,73,Wyoming
Wyoming,Utah Valley,93,88,Wyoming,13,5,80,83,Utah Valley
Omaha,Wyoming,78,82,Wyoming,3,11,75,71,Omaha
Rhode Island College,Bryant,83,138,Bryant,6,11,77,127,Bryant
Bryant,St. Francis (BKN),101,82,Bryant,12,8,89,74,Bryant
Bryant,St. Francis (BKN),91,93,St. Francis (BKN),11,5,80,88,St. Francis (BKN)
Wagner,Bryant,62,74,Bryant,5,8,57,66,Bryant
Wagner,Bryant,75,81,Bryant,6,12,69,69,Bryant
Central Connecticut,Bryant,68,93,Bryant,9,10,59,83,Bryant
Central Connecticut,Bryant,64,76,Bryant,7,9,57,67,Bryant
Bryant,St. Francis (PA),82,89,St. Francis (PA),7,10,75,79,St. Francis (PA)
Bryant,St. Francis (PA),72,63,Bryant,10,3,62,60,Bryant
Bryant,Fairleigh Dickinson,79,81,Fairleigh Dickinson,12,12,67,69,Fairleigh Dickinson
Bryant,Fairleigh Dickinson,84,95,Fairleigh Dickinson,14,7,70,88,Fairleigh Dickinson
Merrimack,Bryant,58,60,Bryant,7,6,51,54,Bryant
Bryant,Merrimack,76,60,Bryant,6,7,70,53,Bryant
Long Island University,Bryant,80,87,Bryant,10,8,70,79,Bryant
Long Island University,Bryant,60,63,Bryant,4,7,56,56,Bryant
Army,Central Connecticut,79,57,Army,15,3,64,54,Army
Central Connecticut,Fairleigh Dickinson,94,87,Central Connecticut,10,8,84,79,Central Connecticut
Central Connecticut,Fairleigh Dickinson,71,79,Fairleigh Dickinson,7,8,64,71,Fairleigh Dickinson
St. Francis (BKN),Central Connecticut,91,86,St. Francis (BKN),9,12,82,74,St. Francis (BKN)
St. Francis (BKN),Central Connecticut,59,78,Central Connecticut,4,6,55,72,Central Connecticut
Central Connecticut,Sacred Heart,48,65,Sacred Heart,5,5,43,60,Sacred Heart
Mount St. Mary's,Central Connecticut,67,57,Mount St. Mary's,9,6,58,51,Mount St. Mary's
Mount St. Mary's,Central Connecticut,64,65,Central Connecticut,7,8,57,57,Mount St. Mary's
Central Connecticut,St. Francis (PA),59,62,St. Francis (PA),3,6,56,56,Mount St. Mary's
Central Connecticut,St. Francis (PA),85,77,Central Connecticut,12,11,73,66,Central Connecticut
Merrimack,Central Connecticut,62,46,Merrimack,6,2,56,44,Merrimack
Merrimack,Central Connecticut,72,52,Merrimack,10,6,62,46,Merrimack
Sacred Heart,Central Connecticut,82,70,Sacred Heart,7,11,75,59,Sacred Heart
Central Connecticut,Long Island University,74,87,Long Island University,8,7,66,80,Long Island University
Central Connecticut,Long Island University,79,81,Long Island University,6,11,73,70,Central Connecticut
Wagner,Central Connecticut,83,63,Wagner,7,5,76,58,Wagner
Wagner,Central Connecticut,77,83,Central Connecticut,3,10,74,73,Wagner
Fairleigh Dickinson,Fairfield,69,65,Fairleigh Dickinson,10,6,59,59,Drexel
Fairleigh Dickinson,Merrimack,51,62,Merrimack,4,7,47,55,Merrimack
Fairleigh Dickinson,Merrimack,71,76,Merrimack,9,5,62,71,Merrimack
Fairleigh Dickinson,St. Francis (PA),94,92,Fairleigh Dickinson,11,6,83,86,St. Francis (PA)
Fairleigh Dickinson,St. Francis (PA),82,90,St. Francis (PA),7,7,75,83,St. Francis (PA)
Fairleigh Dickinson,Long Island University,78,70,Fairleigh Dickinson,8,4,70,66,Fairleigh Dickinson
Fairleigh Dickinson,Long Island University,77,62,Fairleigh Dickinson,7,8,70,54,Fairleigh Dickinson
Fairleigh Dickinson,Wagner,72,76,Wagner,8,12,64,64,Fairleigh Dickinson
Wagner,Fairleigh Dickinson,95,86,Wagner,8,16,87,70,Wagner
St. Francis (BKN),Fairleigh Dickinson,83,75,St. Francis (BKN),10,11,73,64,St. Francis (BKN)
St. Francis (BKN),Fairleigh Dickinson,90,87,St. Francis (BKN),6,12,84,75,St. Francis (BKN)
Mount St. Mary's,Fairleigh Dickinson,71,76,Fairleigh Dickinson,12,5,59,71,Fairleigh Dickinson
Mount St. Mary's,Fairleigh Dickinson,74,61,Mount St. Mary's,5,8,69,53,Mount St. Mary's
Fairleigh Dickinson,Sacred Heart,82,69,Fairleigh Dickinson,7,11,75,58,Fairleigh Dickinson
Fairleigh Dickinson,Sacred Heart,64,70,Sacred Heart,6,8,58,62,Sacred Heart
Long Island University,Sacred Heart,75,55,Long Island University,4,6,71,49,Long Island University
Long Island University,Sacred Heart,72,87,Sacred Heart,7,12,65,75,Sacred Heart
St. Francis (PA),Long Island University,75,78,Long Island University,8,8,67,70,Long Island University
St. Francis (PA),Long Island University,58,71,Long Island University,4,5,54,66,Long Island University
Long Island University,Wagner,77,66,Long Island University,8,6,69,60,Long Island University
Long Island University,Wagner,74,76,Wagner,10,9,64,67,Wagner
Merrimack,Long Island University,68,63,Merrimack,7,7,61,56,Merrimack
Merrimack,Long Island University,68,78,Long Island University,7,5,61,73,Long Island University
Long Island University,St. Francis (BKN),102,88,Long Island University,16,4,86,84,Long Island University
St. Francis (BKN),Long Island University,84,96,Long Island University,5,11,79,85,Long Island University
Long Island University,Mount St. Mary's,60,66,Mount St. Mary's,7,4,53,62,Mount St. Mary's
Long Island University,Mount St. Mary's,46,64,Mount St. Mary's,2,7,44,57,Mount St. Mary's
Sacred Heart,Merrimack,90,97,Merrimack,13,9,77,88,Merrimack
Sacred Heart,Merrimack,68,62,Sacred Heart,11,6,57,56,Sacred Heart
Merrimack,Mount St. Mary's,57,77,Mount St. Mary's,4,9,53,68,Mount St. Mary's
Merrimack,Mount St. Mary's,52,63,Mount St. Mary's,6,8,46,55,Mount St. Mary's
St. Francis (PA),Merrimack,62,68,Merrimack,4,12,58,56,St. Francis (PA)
St. Francis (PA),Merrimack,54,59,Merrimack,9,6,45,53,Merrimack
St. Francis (BKN),Merrimack,84,71,St. Francis (BKN),9,9,75,62,St. Francis (BKN)
St. Francis (BKN),Merrimack,67,75,Merrimack,2,2,65,73,Merrimack
Mount St. Mary's,Navy,67,73,Navy,11,4,56,69,Navy
St. Francis (PA),Mount St. Mary's,57,75,Mount St. Mary's,5,7,52,68,Mount St. Mary's
Mount St. Mary's,St. Francis (BKN),55,70,St. Francis (BKN),4,7,51,63,St. Francis (BKN)
Mount St. Mary's,St. Francis (BKN),55,67,St. Francis (BKN),5,3,50,64,St. Francis (BKN)
Sacred Heart,Mount St. Mary's,61,58,Sacred Heart,5,5,56,53,Sacred Heart
Sacred Heart,Mount St. Mary's,64,76,Mount St. Mary's,8,10,56,66,Mount St. Mary's
Wagner,Mount St. Mary's,61,39,Wagner,7,3,54,36,Wagner
Wagner,Mount St. Mary's,57,55,Wagner,4,7,53,48,Wagner
Mount St. Mary's,St. Francis (PA),72,65,Mount St. Mary's,9,3,63,62,Mount St. Mary's
Sacred Heart,Wagner,46,74,Wagner,2,11,44,63,Wagner
Sacred Heart,Wagner,86,85,Sacred Heart,11,5,75,80,Wagner
St. Francis (PA),Sacred Heart,76,58,St. Francis (PA),9,4,67,54,St. Francis (PA)
St. Francis (PA),Sacred Heart,70,82,Sacred Heart,3,6,67,76,Sacred Heart
Sacred Heart,St. Francis (BKN),76,88,St. Francis (BKN),7,9,69,79,St. Francis (BKN)
Sacred Heart,St. Francis (BKN),88,82,Sacred Heart,9,7,79,75,Sacred Heart
Wagner,St. Francis (BKN),74,67,Wagner,1,4,73,63,Wagner
Wagner,St. Francis (BKN),84,81,Wagner,7,8,77,73,Wagner
St. Francis (BKN),St. Francis (PA),70,67,St. Francis (BKN),7,4,63,63,Long Island University
St. Francis (BKN),St. Francis (PA),66,80,St. Francis (PA),5,5,61,75,St. Francis (PA)
Central Connecticut,St. Francis (PA),59,62,St. Francis (PA),3,6,56,56,St. Francis (PA)
St. Francis (BKN),St. Francis (PA),70,67,St. Francis (BKN),7,4,63,63,Merrimack
St. Francis (PA),Wagner,52,67,Wagner,1,8,51,59,Wagner
St. Francis (PA),Wagner,68,70,Wagner,5,3,63,67,Wagner
Fairleigh Dickinson,Wagner,72,76,Wagner,8,12,64,64,Wagner
Omaha,Austin Peay,66,72,Austin Peay,3,6,63,66,Austin Peay
Austin Peay,East Tennessee State,67,66,Austin Peay,3,9,64,57,Austin Peay
Austin Peay,Abilene Christian,72,80,Abilene Christian,5,5,67,75,Abilene Christian
Carver College,Austin Peay,38,102,Austin Peay,1,9,37,93,Austin Peay
Austin Peay,Murray State,57,87,Murray State,6,8,51,79,Murray State
McKendree,Austin Peay,68,82,Austin Peay,8,10,60,72,Austin Peay
Murray State,Austin Peay,70,74,Austin Peay,3,7,67,67,Florida A&M
Austin Peay,Tennessee State,68,59,Austin Peay,5,8,63,51,Austin Peay
Eastern Kentucky,Austin Peay,80,75,Eastern Kentucky,11,4,69,71,Austin Peay
Austin Peay,Eastern Illinois,74,71,Austin Peay,7,10,67,61,Austin Peay
Tennessee Tech,Austin Peay,69,72,Austin Peay,8,8,61,64,Austin Peay
Jacksonville State,Austin Peay,76,70,Jacksonville State,6,7,70,63,Jacksonville State
Belmont,Austin Peay,81,76,Belmont,9,12,72,64,Belmont
Tennessee State,Austin Peay,56,71,Austin Peay,7,9,49,62,Austin Peay
Austin Peay,SIU Edwardsville,74,59,Austin Peay,8,3,66,56,Austin Peay
Austin Peay,Eastern Kentucky,94,79,Austin Peay,12,13,82,66,Austin Peay
Austin Peay,Morehead State,74,75,Morehead State,8,6,66,69,Morehead State
Austin Peay,UT Martin,75,76,UT Martin,5,11,70,65,Austin Peay
UT Martin,Austin Peay,50,71,Austin Peay,4,9,46,62,Austin Peay
Southeast Missouri State,Austin Peay,63,78,Austin Peay,6,7,57,71,Austin Peay
Austin Peay,Southeast Missouri State,81,86,Southeast Missouri State,9,7,72,79,Southeast Missouri State
SIU Edwardsville,Austin Peay,57,79,Austin Peay,6,7,51,72,Austin Peay
Eastern Illinois,Austin Peay,76,69,Eastern Illinois,9,8,67,61,Eastern Illinois
Austin Peay,Tennessee Tech,76,81,Tennessee Tech,5,11,71,70,Austin Peay
Austin Peay,Jacksonville State,67,75,Jacksonville State,9,7,58,68,Jacksonville State
Belmont,Queens NC,73,61,Belmont,8,6,65,55,Belmont
Samford,Belmont,96,83,Samford,14,10,82,73,Samford
Tennessee State,Belmont,64,79,Belmont,4,10,60,69,Belmont
Belmont,Tennessee State,88,63,Belmont,8,7,80,56,Belmont
Murray State,Belmont,55,68,Belmont,5,5,50,63,Belmont
Belmont,UT Martin,90,69,Belmont,11,4,79,65,Belmont
Southeast Missouri State,Belmont,66,77,Belmont,7,4,59,73,Belmont
UT Martin,Belmont,69,89,Belmont,10,11,59,78,Belmont
Belmont,Tennessee Tech,88,67,Belmont,12,11,76,56,Belmont
Belmont,Jacksonville State,98,91,Belmont,14,15,84,76,Belmont
Eastern Illinois,Belmont,66,79,Belmont,8,6,58,73,Belmont
SIU Edwardsville,Belmont,62,114,Belmont,6,17,56,97,Belmont
Belmont,Murray State,72,71,Belmont,10,8,62,63,Murray State
Belmont,Eastern Illinois,89,61,Belmont,13,7,76,54,Belmont
Belmont,SIU Edwardsville,94,62,Belmont,9,3,85,59,Belmont
Eastern Kentucky,Belmont,74,92,Belmont,11,12,63,80,Belmont
Morehead State,Belmont,58,73,Belmont,8,7,50,66,Belmont
Jacksonville State,Belmont,59,63,Belmont,6,3,53,60,Belmont
Tennessee Tech,Belmont,66,90,Belmont,4,7,62,83,Belmont
Belmont,Eastern Kentucky,67,81,Eastern Kentucky,6,7,61,74,Eastern Kentucky
Belmont,Morehead State,82,89,Morehead State,12,4,70,85,Morehead State
Chicago State,Eastern Illinois,56,78,Eastern Illinois,8,5,48,73,Eastern Illinois
Western Illinois,Eastern Illinois,88,92,Eastern Illinois,10,9,78,83,Eastern Illinois
Eastern Illinois,Eastern Kentucky,61,69,Eastern Kentucky,6,5,55,64,Eastern Kentucky
Tennessee Tech,Eastern Illinois,81,87,Eastern Illinois,12,7,69,80,Eastern Illinois
Murray State,Eastern Illinois,68,74,Eastern Illinois,9,5,59,69,Eastern Illinois
Morehead State,Eastern Illinois,87,61,Morehead State,9,7,78,54,Morehead State
Eastern Kentucky,Eastern Illinois,93,85,Eastern Kentucky,12,6,81,79,Eastern Kentucky
Eastern Illinois,Tennessee State,54,65,Tennessee State,6,4,48,61,Tennessee State
SIU Edwardsville,Eastern Illinois,87,74,SIU Edwardsville,4,4,83,70,SIU Edwardsville
Eastern Illinois,UT Martin,41,51,UT Martin,3,8,38,43,UT Martin
Eastern Illinois,Southeast Missouri State,44,75,Southeast Missouri State,9,6,35,69,Southeast Missouri State
Eastern Illinois,SIU Edwardsville,70,61,Eastern Illinois,9,6,61,55,Eastern Illinois
Tennessee State,Eastern Illinois,72,86,Eastern Illinois,6,11,66,75,Eastern Illinois
Eastern Illinois,Jacksonville State,64,76,Jacksonville State,7,8,57,68,Jacksonville State
Eastern Illinois,Tennessee Tech,67,80,Tennessee Tech,7,12,60,68,Tennessee Tech
Eastern Illinois,Murray State,68,59,Eastern Illinois,7,4,61,55,Eastern Illinois
Southeast Missouri State,Eastern Illinois,94,88,Southeast Missouri State,12,6,82,82,Eastern Illinois
UT Martin,Eastern Illinois,73,68,UT Martin,4,3,69,65,UT Martin
Morehead State,Eastern Kentucky,68,71,Eastern Kentucky,6,10,62,61,Morehead State
Transylvania,Eastern Kentucky,60,81,Eastern Kentucky,7,8,53,73,Eastern Kentucky
Eastern Kentucky,Morehead State,62,75,Morehead State,4,4,58,71,Morehead State
Campbellsville-Harrodsburg,Eastern Kentucky,54,118,Eastern Kentucky,5,13,49,105,Eastern Kentucky
Jacksonville State,Eastern Kentucky,66,69,Eastern Kentucky,3,6,63,63,Austin Peay
Tennessee Tech,Eastern Kentucky,80,90,Eastern Kentucky,15,16,65,74,Eastern Kentucky
UT Martin,Eastern Kentucky,73,113,Eastern Kentucky,2,20,71,93,Eastern Kentucky
Eastern Kentucky,Jacksonville State,86,82,Eastern Kentucky,14,9,72,73,Jacksonville State
Murray State,Eastern Kentucky,76,64,Murray State,7,6,69,58,Murray State
Eastern Kentucky,SIU Edwardsville,78,74,Eastern Kentucky,8,7,70,67,Eastern Kentucky
Eastern Kentucky,Tennessee State,93,73,Eastern Kentucky,8,7,85,66,Eastern Kentucky
Eastern Kentucky,Tennessee Tech,83,72,Eastern Kentucky,12,6,71,66,Eastern Kentucky
Eastern Kentucky,UT Martin,89,72,Eastern Kentucky,7,9,82,63,Eastern Kentucky
Eastern Kentucky,Southeast Missouri State,72,94,Southeast Missouri State,11,14,61,80,Southeast Missouri State
Eastern Kentucky,Southeast Missouri State,87,65,Eastern Kentucky,14,6,73,59,Eastern Kentucky
Tennessee State,Eastern Kentucky,84,89,Eastern Kentucky,6,6,78,83,Eastern Kentucky
Jacksonville State,Alabama,57,81,Alabama,9,7,48,74,Alabama
Jacksonville State,South Alabama,77,73,Jacksonville State,15,8,62,65,South Alabama
Mobile,Jacksonville State,66,85,Jacksonville State,12,6,54,79,Jacksonville State
Jacksonville State,Tennessee Tech,73,67,Jacksonville State,7,6,66,61,Jacksonville State
Tennessee Tech,Jacksonville State,50,74,Jacksonville State,6,11,44,63,Jacksonville State
Carver College,Jacksonville State,45,104,Jacksonville State,3,15,42,89,Jacksonville State
UT Martin,Jacksonville State,70,80,Jacksonville State,8,8,62,72,Jacksonville State
Jacksonville State,Eastern Kentucky,66,69,Eastern Kentucky,3,6,63,63,Jacksonville State
Jacksonville State,Morehead State,55,56,Morehead State,6,7,49,49,Jacksonville State
Tennessee State,Jacksonville State,64,65,Jacksonville State,5,4,59,61,Jacksonville State
Jacksonville State,Murray State,85,82,Jacksonville State,9,13,76,69,Jacksonville State
Morehead State,Jacksonville State,85,66,Morehead State,12,4,73,62,Morehead State
Jacksonville State,UT Martin,82,70,Jacksonville State,11,13,71,57,Jacksonville State
Jacksonville State,Southeast Missouri State,66,54,Jacksonville State,4,7,62,47,Jacksonville State
SIU Edwardsville,Jacksonville State,60,80,Jacksonville State,9,9,51,71,Jacksonville State
Jacksonville State,Tennessee State,77,76,Jacksonville State,6,9,71,67,Jacksonville State
Murray State,Jacksonville State,74,87,Jacksonville State,13,13,61,74,Jacksonville State
Morehead State,Kentucky,45,81,Kentucky,3,6,42,75,Kentucky
Arkansas State,Morehead State,61,69,Morehead State,4,5,57,64,Morehead State
Transylvania,Morehead State,55,77,Morehead State,8,12,47,65,Morehead State
Transylvania,Morehead State,55,81,Morehead State,6,8,49,73,Morehead State
SIU Edwardsville,Morehead State,69,65,SIU Edwardsville,8,7,61,58,SIU Edwardsville
Morehead State,Murray State,61,56,Morehead State,2,5,59,51,Morehead State
Tennessee Tech,Morehead State,54,57,Morehead State,7,5,47,52,Morehead State
Jacksonville State,Morehead State,55,56,Morehead State,6,7,49,49,Morehead State
Morehead State,Southeast Missouri State,64,50,Morehead State,6,9,58,41,Morehead State
Southeast Missouri State,Morehead State,65,76,Morehead State,7,7,58,69,Morehead State
UT Martin,Morehead State,44,76,Morehead State,4,7,40,69,Morehead State
Morehead State,Tennessee Tech,74,55,Morehead State,7,5,67,50,Morehead State
Murray State,Morehead State,56,66,Morehead State,11,5,45,61,Morehead State
Morehead State,Tennessee State,79,66,Morehead State,8,9,71,57,Morehead State
Morehead State,UT Martin,79,69,Morehead State,10,9,69,60,Morehead State
Morehead State,SIU Edwardsville,56,48,Morehead State,3,5,53,43,Morehead State
Tennessee State,Morehead State,60,74,Morehead State,7,7,53,67,Morehead State
Greenville,Murray State,95,173,Murray State,20,5,75,168,Murray State
Transylvania,Murray State,49,90,Murray State,9,9,40,81,Murray State
Murray State,Austin Peay,70,74,Austin Peay,3,7,67,67,Murray State
Murray State,UT Martin,79,57,Murray State,10,4,69,53,Murray State
Tennessee Tech,Murray State,63,72,Murray State,6,11,57,61,Murray State
Tennessee State,Murray State,53,73,Murray State,6,5,47,68,Murray State
Murray State,Southeast Missouri State,77,60,Murray State,12,8,65,52,Murray State
Southeast Missouri State,Murray State,60,80,Murray State,6,9,54,71,Murray State
UT Martin,Murray State,55,84,Murray State,7,8,48,76,Murray State
Murray State,SIU Edwardsville,86,57,Murray State,12,5,74,52,Murray State
SIU Edwardsville,Murray State,62,89,Murray State,6,13,56,76,Murray State
Murray State,Tennessee Tech,61,71,Tennessee Tech,7,10,54,61,Tennessee Tech
SIU Edwardsville,LSU,81,94,LSU,13,12,68,82,LSU
St. Louis Pharmacy,SIU Edwardsville,45,80,SIU Edwardsville,8,10,37,70,SIU Edwardsville
Omaha,SIU Edwardsville,65,63,Omaha,6,7,59,56,Omaha
SIU Edwardsville,Tennessee State,67,65,SIU Edwardsville,6,5,61,60,SIU Edwardsville
SIU Edwardsville,Southeast Missouri State,62,64,Southeast Missouri State,4,7,58,57,SIU Edwardsville
SIU Edwardsville,UT Martin,76,60,SIU Edwardsville,9,4,67,56,SIU Edwardsville
Tennessee State,SIU Edwardsville,60,68,SIU Edwardsville,1,4,59,64,SIU Edwardsville
SIU Edwardsville,Tennessee Tech,81,63,SIU Edwardsville,12,5,69,58,SIU Edwardsville
UT Martin,SIU Edwardsville,53,66,SIU Edwardsville,4,3,49,63,SIU Edwardsville
Southeast Missouri State,SIU Edwardsville,69,63,Southeast Missouri State,8,4,61,59,Southeast Missouri State
Southeast Missouri State,UM Kansas City,71,66,Southeast Missouri State,10,4,61,62,UM Kansas City
UT Martin,Southeast Missouri State,69,67,UT Martin,7,9,62,58,UT Martin
Southeast Missouri State,Tennessee Tech,63,72,Tennessee Tech,7,6,56,66,Tennessee Tech
Tennessee State,Southeast Missouri State,79,83,Southeast Missouri State,7,5,72,78,Southeast Missouri State
Southeast Missouri State,Tennessee State,63,59,Southeast Missouri State,6,1,57,58,Tennessee State
Southeast Missouri State,UT Martin,66,69,UT Martin,8,10,58,59,UT Martin
Tennessee Tech,Southeast Missouri State,64,68,Southeast Missouri State,7,6,57,62,Southeast Missouri State
Southeast Missouri State,Eastern Illinois,94,88,Southeast Missouri State,12,6,82,82,Eastern Kentucky
Crowley's Ridge College,Tennessee State,68,90,Tennessee State,8,8,60,82,Tennessee State
Chattanooga,Tennessee State,66,63,Chattanooga,6,4,60,59,Chattanooga
UT Martin,Tennessee State,62,74,Tennessee State,4,9,58,65,Tennessee State
Tennessee State,Tennessee Tech,71,74,Tennessee Tech,4,10,67,64,Tennessee State
Tennessee Tech,Tennessee State,86,91,Tennessee State,12,11,74,80,Tennessee State
Chattanooga,Tennessee Tech,62,54,Chattanooga,3,3,59,51,Chattanooga
Tennessee Tech,Western Carolina,75,76,Western Carolina,7,10,68,66,Tennessee Tech
Tennessee Tech,Tennessee,49,103,Tennessee,7,9,42,94,Tennessee
Tennessee Tech,UT Martin,64,66,UT Martin,9,8,55,58,UT Martin
Bethel (TN),UT Martin,60,95,UT Martin,3,8,57,87,UT Martin
Western Illinois,UT Martin,81,63,Western Illinois,10,7,71,56,Western Illinois
UT Martin,Ole Miss,43,90,Ole Miss,6,9,37,81,Ole Miss
Houston Baptist,Arizona State,77,100,Arizona State,12,12,65,88,Arizona State
Arizona State,California,70,62,Arizona State,6,7,64,55,Arizona State
Arizona State,Grand Canyon,71,70,Arizona State,7,5,64,65,Grand Canyon
UCLA,Arizona State,81,75,UCLA,9,6,72,69,UCLA
USC,Arizona State,73,64,USC,3,9,70,55,USC
Arizona State,Oregon State,79,80,Oregon State,5,9,74,71,Arizona State
Arizona,Arizona State,84,82,Arizona,11,11,73,71,Arizona
Arizona State,Arizona,67,80,Arizona,8,2,59,78,Arizona
California,Arizona State,68,72,Arizona State,7,3,61,69,Arizona State
Stanford,Arizona State,75,79,Arizona State,2,6,73,73,Arizona State
Oregon,Arizona State,75,64,Oregon,12,9,63,55,Oregon
Oregon State,Arizona State,73,75,Arizona State,7,4,66,71,Arizona State
Arizona State,USC,71,89,USC,8,11,63,78,USC
Arizona State,UCLA,79,80,UCLA,10,7,69,73,UCLA
Washington,Arizona State,64,97,Arizona State,7,10,57,87,Arizona State
Washington,Arizona State,72,80,Arizona State,11,6,61,74,Arizona State
Washington State,Arizona State,74,77,Arizona State,7,7,67,70,Arizona State
Grambling,Arizona,55,74,Arizona,3,7,52,67,Arizona
Arizona,Stanford,75,78,Stanford,11,7,64,71,Stanford
Colorado,Arizona,74,88,Arizona,12,8,62,80,Arizona
Arizona,Washington,80,53,Arizona,6,6,74,47,Arizona
Arizona,Washington State,86,82,Arizona,5,7,81,75,Arizona
USC,Arizona,87,73,USC,8,4,79,69,USC
UCLA,Arizona,81,76,UCLA,6,8,75,68,UCLA
Arizona,Oregon State,98,64,Arizona,8,5,90,59,Arizona
Stanford,Arizona,73,64,Stanford,7,8,66,56,Stanford
California,Arizona,50,71,Arizona,7,6,43,65,Arizona
Arizona,Utah,58,73,Utah,2,8,56,65,Utah
Arizona,Colorado,79,82,Colorado,7,11,72,71,Arizona
Oregon State,Arizona,61,70,Arizona,7,7,54,63,Arizona
Oregon,Arizona,63,61,Oregon,7,9,56,52,Oregon
Arizona,UCLA,60,74,UCLA,4,4,56,70,UCLA
Arizona,USC,81,72,Arizona,8,7,73,65,Arizona
Washington State,Arizona,53,69,Arizona,7,4,46,65,Arizona
Washington,Arizona,74,75,Arizona,6,8,68,67,Washington
California,Oregon State,63,71,Oregon State,6,5,57,66,Oregon State
Northwest University,California,61,86,California,7,6,54,80,California
Nicholls,California,49,60,California,6,10,43,50,California
California,UCLA,56,76,UCLA,9,8,47,68,UCLA
California,Pepperdine,62,74,Pepperdine,5,12,57,62,Pepperdine
San Francisco,California,70,72,California,10,6,60,66,California
Seattle U,California,65,70,California,5,6,60,64,California
California,Oregon,69,82,Oregon,10,11,59,71,Oregon
California,Oregon State,64,73,Oregon State,6,9,58,64,Oregon State
Washington State,California,71,60,Washington State,7,5,64,55,Washington State
Washington,California,78,84,California,9,11,69,73,California
California,Colorado,60,89,Colorado,7,12,53,77,Colorado
California,Utah,72,63,California,8,6,64,57,California
UCLA,California,61,57,UCLA,4,10,57,47,UCLA
USC,California,76,68,USC,7,7,69,61,USC
Stanford,California,70,55,Stanford,4,6,66,49,Stanford
California,Stanford,70,76,Stanford,8,2,62,74,Stanford
Utah,California,76,75,Utah,7,8,69,67,Utah
Colorado,California,62,71,California,3,7,59,64,California
California,Washington State,51,82,Washington State,5,12,46,70,Washington State
California,Washington,51,62,Washington,3,8,48,54,Washington
Oregon State,California,59,57,Oregon State,0,2,59,55,Oregon State
Oregon,California,74,63,Oregon,6,7,68,56,Oregon
South Dakota,Colorado,61,84,Colorado,3,10,58,74,Colorado
Colorado,Tennessee,47,56,Tennessee,5,7,42,49,Tennessee
Omaha,Colorado,49,91,Colorado,5,11,44,80,Colorado
Washington,Colorado,69,92,Colorado,4,8,65,84,Colorado
Colorado,Grand Canyon,74,64,Colorado,8,5,66,59,Colorado
Colorado,USC,72,62,Colorado,8,9,64,53,Colorado
Colorado,UCLA,62,65,UCLA,6,3,56,62,UCLA
Oregon,Colorado,72,79,Colorado,7,7,65,72,Colorado
Colorado,Utah,65,58,Colorado,5,4,60,54,Colorado
Stanford,Colorado,64,77,Colorado,5,9,59,68,Colorado
Colorado,Washington,80,84,Washington,1,12,79,72,Colorado
Colorado,Washington State,70,59,Colorado,6,7,64,52,Colorado
Washington State,Colorado,58,70,Colorado,7,10,51,60,Colorado
Utah,Colorado,77,74,Utah,9,13,68,61,Utah
Oregon State,Colorado,49,78,Colorado,4,5,45,73,Colorado
Colorado,Stanford,69,51,Colorado,8,3,61,48,Colorado
Colorado,Oregon,56,60,Oregon,6,4,50,56,Oregon
Colorado,Oregon State,61,57,Colorado,4,6,57,51,Colorado
USC,Colorado,62,80,Colorado,5,12,57,68,Colorado
UCLA,Colorado,61,70,Colorado,5,5,56,65,Colorado
Missouri,Oregon,83,75,Missouri,9,7,74,68,Missouri
Oregon,Washington,74,71,Oregon,4,7,70,64,Oregon
San Francisco,Oregon,64,74,Oregon,8,4,56,70,Oregon
Portland,Oregon,41,80,Oregon,3,8,38,72,Oregon
Stanford,Oregon,56,73,Oregon,3,13,53,60,Oregon
Oregon,Utah,79,73,Oregon,10,6,69,67,Oregon
Oregon State,Oregon,75,64,Oregon State,5,8,70,56,Oregon State
Washington State,Oregon,74,71,Washington State,10,5,64,66,Oregon
Washington,Oregon,74,86,Oregon,9,12,65,74,Oregon
Utah,Oregon,64,67,Oregon,5,9,59,58,Utah
Oregon,USC,58,72,USC,7,10,51,62,USC
Oregon,Stanford,71,68,Oregon,10,8,61,60,Oregon
Northwest University,Oregon State,42,114,Oregon State,3,10,39,104,Oregon State
Oregon State,Washington State,55,59,Washington State,7,7,48,52,Washington State
Portland,Oregon State,87,86,Portland,7,9,80,77,Portland
Stanford,Oregon State,81,71,Stanford,3,11,78,60,Stanford
USC,Oregon State,56,58,Oregon State,6,6,50,52,Oregon State
Oregon State,USC,62,75,USC,8,8,54,67,USC
Oregon State,UCLA,52,57,UCLA,7,6,45,51,UCLA
Washington,Oregon State,71,91,Oregon State,5,11,66,80,Oregon State
Washington State,Oregon State,66,68,Oregon State,8,5,58,63,Oregon State
Utah,Oregon State,56,74,Oregon State,3,4,53,70,Oregon State
Oregon State,Stanford,73,62,Oregon State,5,9,68,53,Oregon State
Stanford,Alabama,82,64,Stanford,8,7,74,57,Stanford
Washington,Stanford,75,91,Stanford,8,7,67,84,Stanford
Washington State,Stanford,60,75,Stanford,11,3,49,72,Stanford
Stanford,Utah,65,79,Utah,9,4,56,75,Utah
UCLA,Stanford,72,73,Stanford,9,5,63,68,Stanford
Stanford,Arizona State,75,79,Arizona State,2,6,73,73,Stanford
USC,Stanford,72,66,USC,4,7,68,59,USC
Utah,Stanford,66,73,Stanford,6,8,60,65,Stanford
Stanford,Washington,79,61,Stanford,3,8,76,53,Stanford
Stanford,Washington State,76,85,Washington State,7,13,69,72,Washington State
Pepperdine,UCLA,98,107,UCLA,9,10,89,97,UCLA
Seattle U,UCLA,52,78,UCLA,3,6,49,72,UCLA
San Diego,UCLA,56,83,UCLA,8,6,48,77,UCLA
Utah,UCLA,70,72,UCLA,9,10,61,62,UCLA
Washington State,UCLA,61,91,UCLA,7,9,54,82,UCLA
Washington,UCLA,76,81,UCLA,10,9,66,72,UCLA
UCLA,USC,48,66,USC,3,9,45,57,USC
UCLA,Washington State,73,81,Washington State,5,13,68,68,USC
UCLA,Washington,64,61,UCLA,10,10,54,51,UCLA
UCLA,Utah,76,61,UCLA,11,9,65,52,UCLA
California Baptist,USC,87,95,USC,20,5,67,90,USC
USC,BYU,79,53,USC,6,7,73,46,USC
Santa Clara,USC,63,86,USC,2,7,61,79,USC
Utah,USC,46,64,USC,3,6,43,58,USC
Washington,USC,68,95,USC,9,7,59,88,USC
Washington State,USC,77,85,USC,8,6,69,79,USC
USC,Washington,69,54,USC,1,5,68,49,USC
USC,Washington State,76,65,USC,5,3,71,62,USC
USC,Utah,61,71,Utah,2,9,59,62,Utah
Washington,Utah,62,76,Utah,6,7,56,69,Utah
Utah,BYU,64,82,BYU,9,9,55,73,BYU
Utah Valley,Utah,67,75,Utah,5,4,62,71,Utah
Utah,Washington State,71,56,Utah,6,7,65,49,Utah
Utah,Washington,79,83,Washington,7,12,72,71,Utah
Seattle U,Washington,41,73,Washington,4,8,37,65,Washington
Washington State,Washington,77,62,Washington State,5,9,72,53,Washington State
Washington,Washington State,65,63,Washington,7,6,58,57,Washington
Texas Southern,Washington State,52,56,Washington State,5,5,47,51,Washington State
Prairie View A&M,Washington State,62,90,Washington State,4,13,58,77,Washington State
Northwestern State,Washington State,52,62,Washington State,8,3,44,59,Washington State
UCLA,Washington State,73,81,Washington State,5,13,68,68,Oregon State
American,Navy,86,87,Navy,14,6,72,81,Navy
American,Navy,59,71,Navy,5,7,54,64,Navy
Loyola (MD),American,70,71,American,3,7,67,64,Loyola (MD)
American,Loyola (MD),81,79,American,12,2,69,77,Loyola (MD)
Navy,American,72,60,Navy,6,3,66,57,Navy
Navy,American,69,60,Navy,3,11,66,49,Navy
American,Loyola (MD),49,60,Loyola (MD),6,3,43,57,Loyola (MD)
American,Bucknell,78,71,American,10,8,68,63,American
Bucknell,American,68,81,American,5,11,63,70,American
US Merchant Marine Academy,Army,32,93,Army,2,13,30,80,Army
Army,Florida,69,76,Florida,10,4,59,72,Florida
Army,Colgate,57,101,Colgate,6,12,51,89,Colgate
Army,Colgate,75,73,Army,13,8,62,65,Colgate
Army,Holy Cross,83,68,Army,7,11,76,57,Army
Holy Cross,Army,70,61,Holy Cross,11,6,59,55,Holy Cross
Army,Boston University,79,59,Army,6,12,73,47,Army
Army,Boston University,76,65,Army,11,6,65,59,Army
Army,Navy,62,69,Navy,6,5,56,64,Navy
Army,Navy,87,78,Army,7,10,80,68,Army
Colgate,Army,84,74,Colgate,13,10,71,64,Colgate
Colgate,Army,92,83,Colgate,7,9,85,74,Colgate
Holy Cross,Army,65,69,Army,7,7,58,62,Army
Army,Holy Cross,51,67,Holy Cross,3,10,48,57,Holy Cross
Boston University,Army,75,63,Boston University,15,10,60,53,Boston University
Boston University,Army,55,57,Army,7,6,48,51,Army
Boston University,Holy Cross,83,76,Boston University,7,6,76,70,Boston University
Holy Cross,Boston University,68,66,Holy Cross,6,7,62,59,Holy Cross
Colgate,Boston University,86,79,Colgate,10,7,76,72,Colgate
Colgate,Boston University,89,45,Colgate,8,1,81,44,Colgate
Boston University,Lafayette,81,76,Boston University,10,6,71,70,Boston University
Boston University,Lafayette,64,61,Boston University,4,4,60,57,Boston University
Boston University,Holy Cross,65,82,Holy Cross,4,9,61,73,Holy Cross
Holy Cross,Boston University,68,86,Boston University,6,10,62,76,Boston University
Boston University,Holy Cross,78,69,Boston University,7,10,71,59,Boston University
Boston University,Colgate,72,82,Colgate,8,8,64,74,Colgate
Boston University,Colgate,63,78,Colgate,4,6,59,72,Colgate
Holy Cross,Boston University,86,75,Holy Cross,10,6,76,69,Holy Cross
Bucknell,Navy,69,78,Navy,10,4,59,74,Navy
Navy,Bucknell,63,60,Navy,6,2,57,58,Bucknell
Lafayette,Bucknell,83,60,Lafayette,9,6,74,54,Lafayette
Bucknell,Lafayette,76,87,Lafayette,5,11,71,76,Lafayette
Lehigh,Bucknell,70,75,Bucknell,3,12,67,63,Lehigh
Bucknell,Lehigh,77,61,Bucknell,9,4,68,57,Bucknell
Bucknell,Lehigh,84,70,Bucknell,6,3,78,67,Bucknell
Lehigh,Bucknell,68,92,Bucknell,8,10,60,82,Bucknell
Holy Cross,Colgate,55,95,Colgate,2,14,53,81,Colgate
Holy Cross,Colgate,87,96,Colgate,5,11,82,85,Colgate
Colgate,Holy Cross,74,63,Colgate,3,4,71,59,Colgate
Colgate,Holy Cross,78,60,Colgate,6,5,72,55,Colgate
Lehigh,Holy Cross,75,72,Lehigh,6,5,69,67,Lehigh
Lehigh,Holy Cross,82,74,Lehigh,6,4,76,70,Lehigh
Lafayette,Lehigh,89,90,Lehigh,6,4,83,86,Lehigh
Lehigh,Lafayette,70,82,Lafayette,4,12,66,70,Lafayette
Loyola (MD),Lafayette,75,77,Lafayette,8,14,67,63,Loyola (MD)
Lafayette,Loyola (MD),72,70,Lafayette,11,4,61,66,Loyola (MD)
Lafayette,Loyola (MD),62,75,Loyola (MD),7,7,55,68,Loyola (MD)
Loyola (MD),Lafayette,76,80,Lafayette,7,8,69,72,Lafayette
Loyola (MD),Lafayette,94,97,Lafayette,4,7,90,90,Lafayette
Lafayette,Loyola (MD),69,88,Loyola (MD),6,7,63,81,Loyola (MD)
Lehigh,Lafayette,69,75,Lafayette,5,8,64,67,Lafayette
Lafayette,Lehigh,71,70,Lafayette,11,10,60,60,Lafayette
Navy,Lehigh,69,61,Navy,4,3,65,58,Navy
Lehigh,Navy,58,73,Navy,3,9,55,64,Navy
Loyola (MD),Lehigh,75,47,Loyola (MD),6,4,69,43,Loyola (MD)
Lehigh,Loyola (MD),76,72,Lehigh,5,4,71,68,Lehigh
Loyola (MD),Navy,52,70,Navy,5,7,47,63,Navy
Navy,Loyola (MD),73,67,Navy,4,3,69,64,Navy
Loyola (MD),Navy,58,66,Navy,7,3,51,63,Navy
Furman,Alabama,80,83,Alabama,13,10,67,73,Alabama
East Tennessee State,Alabama,69,85,Alabama,9,12,60,73,Alabama
Ole Miss,Alabama,64,82,Alabama,1,12,63,70,Alabama
Alabama,Tennessee,71,63,Alabama,10,4,61,59,Alabama
Florida,Alabama,71,86,Alabama,9,8,62,78,Alabama
Alabama,Auburn,94,90,Alabama,10,8,84,82,Alabama
Alabama,Kentucky,85,65,Alabama,14,4,71,61,Alabama
Arkansas,Alabama,59,90,Alabama,4,15,55,75,Alabama
Alabama,LSU,105,75,Alabama,23,5,82,70,Alabama
Mississippi State,Alabama,73,81,Alabama,4,14,69,67,Mississippi State
Kentucky,Alabama,59,70,Alabama,6,6,53,64,Alabama
LSU,Alabama,60,78,Alabama,4,6,56,72,Alabama
Alabama,Missouri,65,68,Missouri,9,3,56,65,Missouri
Alabama,South Carolina,81,78,Alabama,12,6,69,72,South Carolina
Georgia,Alabama,82,115,Alabama,2,18,80,97,Alabama
Vanderbilt,Alabama,78,82,Alabama,10,10,68,72,Alabama
Alabama,Arkansas,66,81,Arkansas,11,4,55,77,Arkansas
Alabama,Mississippi State,64,59,Alabama,7,1,57,58,Mississippi State
Mississippi Valley State,Arkansas,62,142,Arkansas,13,20,49,122,Arkansas
UT Arlington,Arkansas,60,72,Arkansas,7,7,53,65,Arkansas
Southern,Arkansas,44,79,Arkansas,1,11,43,68,Arkansas
Central Arkansas,Arkansas,75,100,Arkansas,9,12,66,88,Arkansas
Oral Roberts,Arkansas,76,87,Arkansas,8,4,68,83,Arkansas
Abilene Christian,Arkansas,72,85,Arkansas,5,9,67,76,Arkansas
Arkansas,Auburn,97,85,Arkansas,9,15,88,70,Arkansas
Missouri,Arkansas,81,68,Missouri,5,7,76,61,Missouri
Arkansas,Tennessee,74,79,Tennessee,8,5,66,74,Tennessee
Georgia,Arkansas,69,99,Arkansas,5,12,64,87,Arkansas
Arkansas,LSU,76,92,LSU,8,7,68,85,LSU
Auburn,Arkansas,73,75,Arkansas,7,4,66,71,Arkansas
Arkansas,Vanderbilt,92,71,Arkansas,8,6,84,65,Arkansas
Ole Miss,Arkansas,59,74,Arkansas,1,7,58,67,Arkansas
Mississippi State,Arkansas,45,61,Arkansas,5,2,40,59,Arkansas
Arkansas,Kentucky,81,80,Arkansas,9,14,72,66,Arkansas
Arkansas,Missouri,86,81,Arkansas,8,13,78,68,Arkansas
Florida,Arkansas,64,75,Arkansas,4,4,60,71,Arkansas
LSU,Arkansas,75,83,Arkansas,9,6,66,77,Arkansas
Auburn,Gonzaga,67,90,Gonzaga,11,6,56,84,Gonzaga
South Alabama,Auburn,81,90,Auburn,7,22,74,68,South Alabama
Texas Southern,Auburn,63,80,Auburn,5,4,58,76,Auburn
Troy,Auburn,41,77,Auburn,3,7,38,70,Auburn
Appalachian State,Auburn,53,67,Auburn,6,11,47,56,Auburn
Auburn,Texas A&M,66,68,Texas A&M,11,9,55,59,Texas A&M
Auburn,Ole Miss,61,72,Ole Miss,10,7,51,65,Ole Miss
Auburn,Georgia,95,77,Auburn,5,4,90,73,Auburn
Kentucky,Auburn,59,66,Auburn,4,5,55,61,Auburn
Auburn,South Carolina,109,86,Auburn,14,9,95,77,Auburn
Missouri,Auburn,82,88,Auburn,6,6,76,82,Auburn
Georgia,Auburn,91,86,Georgia,7,8,84,78,Georgia
Ole Miss,Auburn,86,84,Ole Miss,6,12,80,72,Ole Miss
Auburn,Vanderbilt,73,67,Auburn,10,8,63,59,Auburn
Auburn,Kentucky,80,82,Kentucky,11,11,69,71,Kentucky
Auburn,LSU,80,104,LSU,7,11,73,93,LSU
Florida,Auburn,74,57,Florida,7,7,67,50,Florida
Tennessee,Auburn,72,77,Auburn,11,9,61,68,Auburn
Florida,Vanderbilt,91,72,Florida,7,8,84,64,Florida
LSU,Florida,79,83,Florida,7,5,72,78,Florida
Kentucky,Florida,76,58,Kentucky,6,9,70,49,Kentucky
Ole Miss,Florida,63,72,Florida,6,6,57,66,Florida
Florida,Mississippi State,69,72,Mississippi State,5,1,64,71,Mississippi State
Tennessee,Florida,49,75,Florida,3,6,46,69,Florida
Florida,Georgia,92,84,Florida,7,7,85,77,Florida
Vanderbilt,Florida,71,78,Florida,8,10,63,68,Florida
South Carolina,Florida,72,66,South Carolina,4,7,68,59,South Carolina
Georgia,Florida,63,70,Florida,4,6,59,64,Florida
Florida,Kentucky,71,67,Florida,7,4,64,63,Florida
North Georgia,Georgia,62,84,Georgia,10,5,52,79,Georgia
Samford,Georgia,75,79,Georgia,9,6,66,73,Georgia
Mississippi State,Georgia,83,73,Mississippi State,12,9,71,64,Mississippi State
Georgia,LSU,92,94,LSU,12,10,80,84,LSU
Georgia,Ole Miss,78,74,Georgia,9,7,69,67,Georgia
Kentucky,Georgia,62,63,Georgia,1,4,61,59,Kentucky
Georgia,South Carolina,59,83,South Carolina,4,9,55,74,South Carolina
Ole Miss,Georgia,61,71,Georgia,2,9,59,62,Georgia
Vanderbilt,Georgia,70,73,Georgia,9,7,61,66,Georgia
Georgia,Tennessee,81,89,Tennessee,5,10,76,79,Tennessee
Missouri,Georgia,70,80,Georgia,6,7,64,73,Georgia
LSU,Georgia,78,91,Georgia,8,9,70,82,Georgia
South Carolina,Georgia,91,70,South Carolina,10,7,81,63,South Carolina
Kentucky,Mississippi State,78,73,Kentucky,11,5,67,68,Mississippi State
Vanderbilt,Kentucky,74,77,Kentucky,10,5,64,72,Kentucky
LSU,Kentucky,69,82,Kentucky,4,7,65,75,Kentucky
Kentucky,Missouri,70,75,Missouri,9,9,61,66,Missouri
Tennessee,Kentucky,82,71,Tennessee,5,4,77,67,Tennessee
Kentucky,Vanderbilt,82,78,Kentucky,8,4,74,74,Kentucky
Kentucky,Tennessee,70,55,Kentucky,7,6,63,49,Kentucky
SE Louisiana,LSU,43,96,LSU,5,13,38,83,LSU
Sam Houston State,LSU,66,88,LSU,8,8,58,80,LSU
Nicholls,LSU,80,86,LSU,8,4,72,82,LSU
Texas A&M,LSU,54,77,LSU,5,9,49,68,LSU
LSU,Ole Miss,75,61,LSU,8,8,67,53,LSU
South Carolina,LSU,80,85,LSU,8,7,72,78,LSU
LSU,Texas A&M,78,66,LSU,10,12,68,54,LSU
LSU,Mississippi State,94,80,LSU,10,9,84,71,LSU
Tennessee,LSU,65,78,LSU,8,7,57,71,LSU
Texas State,Mississippi State,51,68,Mississippi State,4,9,47,59,Mississippi State
Jackson State,Mississippi State,59,82,Mississippi State,10,8,49,74,Mississippi State
Mississippi State,Dayton,82,85,Dayton,5,8,77,77,Mississippi State
Central Arkansas,Mississippi State,65,81,Mississippi State,7,10,58,71,Mississippi State
Mississippi Valley State,Mississippi State,48,87,Mississippi State,10,9,38,78,Mississippi State
Missouri,Mississippi State,63,78,Mississippi State,5,3,58,75,Mississippi State
Mississippi State,Vanderbilt,84,81,Mississippi State,4,15,80,66,Mississippi State
Texas A&M,Mississippi State,56,55,Texas A&M,3,5,53,50,Texas A&M
Ole Miss,Mississippi State,64,46,Ole Miss,5,4,59,42,Ole Miss
Mississippi State,Tennessee,53,56,Tennessee,3,3,50,53,Tennessee
Mississippi State,South Carolina,75,59,Mississippi State,10,5,65,54,Mississippi State
Vanderbilt,Mississippi State,72,51,Vanderbilt,13,5,59,46,Vanderbilt
Mississippi State,Ole Miss,66,56,Mississippi State,2,5,64,51,Mississippi State
South Carolina,Mississippi State,48,69,Mississippi State,4,4,44,65,Mississippi State
Oral Roberts,Missouri,64,91,Missouri,7,10,57,81,Missouri
Bradley,Missouri,53,54,Missouri,2,3,51,51,Missouri
Tennessee,Missouri,73,53,Tennessee,5,3,68,50,Tennessee
Missouri,Texas A&M,68,52,Missouri,6,6,62,46,Missouri
South Carolina,Missouri,70,81,Missouri,8,5,62,76,Missouri
Missouri,Tennessee,73,64,Missouri,8,9,65,55,Missouri
TCU,Missouri,98,102,Missouri,7,11,91,91,Auburn
Missouri,Ole Miss,59,80,Ole Miss,8,8,51,72,Ole Miss
Missouri,South Carolina,93,78,Missouri,9,7,84,71,Missouri
Ole Miss,Missouri,60,53,Ole Miss,3,7,57,46,Ole Miss
Jackson State,Ole Miss,45,80,Ole Miss,2,8,43,72,Ole Miss
Central Arkansas,Ole Miss,54,68,Ole Miss,4,4,50,64,Ole Miss
Texas A&M,Ole Miss,50,61,Ole Miss,5,5,45,56,Ole Miss
Tennessee,Ole Miss,50,52,Ole Miss,8,3,42,49,Ole Miss
Ole Miss,South Carolina,81,74,Ole Miss,3,6,78,68,Ole Miss
Ole Miss,Vanderbilt,70,75,Vanderbilt,4,11,66,64,Ole Miss
Texas A&M,South Carolina,54,78,South Carolina,5,10,49,68,South Carolina
South Carolina,Vanderbilt,81,93,Vanderbilt,10,13,71,80,Vanderbilt
South Carolina,Tennessee,73,93,Tennessee,10,9,63,84,Tennessee
Appalachian State,Tennessee,38,79,Tennessee,5,6,33,73,Tennessee
Tennessee,Texas A&M,68,54,Tennessee,8,8,60,46,Tennessee
Vanderbilt,Tennessee,61,81,Tennessee,5,7,56,74,Tennessee
Tennessee,Vanderbilt,70,58,Tennessee,6,13,64,45,Tennessee
New Orleans,Texas A&M,53,82,Texas A&M,5,12,48,70,Texas A&M
Tarleton,Texas A&M,66,73,Texas A&M,8,6,58,67,Texas A&M
UT Rio Grande Valley,Texas A&M,68,81,Texas A&M,9,8,59,73,Texas A&M
SE Louisiana,Texas A&M,52,69,Texas A&M,8,4,44,65,Texas A&M
Wofford,Texas A&M,52,70,Texas A&M,12,3,40,67,Texas A&M
Mississippi Valley State,Vanderbilt,41,84,Vanderbilt,9,10,32,74,Vanderbilt
Alcorn State,Vanderbilt,59,87,Vanderbilt,3,14,56,73,Vanderbilt
Kentucky,Vanderbilt,82,78,Kentucky,8,4,74,74,Vanderbilt
Lander,Chattanooga,63,99,Chattanooga,6,13,57,86,Chattanooga
North Georgia,Chattanooga,63,81,Chattanooga,2,7,61,74,Chattanooga
UNC Asheville,Chattanooga,66,69,Chattanooga,6,9,60,60,Chattanooga
Furman,Chattanooga,77,73,Furman,4,13,73,60,Furman
Chattanooga,VMI,79,84,VMI,8,10,71,74,VMI
Samford,Chattanooga,68,73,Chattanooga,5,12,63,61,Samford
Chattanooga,The Citadel,87,92,The Citadel,8,16,79,76,Chattanooga
Mercer,Chattanooga,80,83,Chattanooga,10,7,70,76,Chattanooga
Wofford,Chattanooga,77,59,Wofford,9,4,68,55,Wofford
Chattanooga,Samford,70,64,Chattanooga,7,7,63,57,Chattanooga
UNC Greensboro,Chattanooga,74,66,UNC Greensboro,5,7,69,59,UNC Greensboro
Chattanooga,Western Carolina,74,67,Chattanooga,5,9,69,58,Chattanooga
Chattanooga,East Tennessee State,67,65,Chattanooga,8,12,59,53,Chattanooga
Chattanooga,Wofford,78,66,Chattanooga,11,8,67,58,Chattanooga
The Citadel,Chattanooga,66,70,Chattanooga,8,6,58,64,Chattanooga
East Tennessee State,Chattanooga,51,53,Chattanooga,2,8,49,45,East Tennessee State
Western Carolina,Chattanooga,81,89,Chattanooga,10,12,71,77,Chattanooga
Chattanooga,UNC Greensboro,55,60,UNC Greensboro,11,4,44,56,UNC Greensboro
Chattanooga,Mercer,77,81,Mercer,12,9,65,72,Mercer
Abilene Christian,East Tennessee State,70,47,Abilene Christian,13,3,57,44,Abilene Christian
Columbia International,East Tennessee State,54,96,East Tennessee State,7,11,47,85,East Tennessee State
Lee University,East Tennessee State,53,62,East Tennessee State,7,4,46,58,East Tennessee State
Western Carolina,East Tennessee State,78,86,East Tennessee State,10,10,68,76,East Tennessee State
East Tennessee State,UNC Greensboro,71,61,East Tennessee State,7,7,64,54,East Tennessee State
East Tennessee State,Furman,66,78,Furman,4,8,62,70,Furman
VMI,East Tennessee State,81,92,East Tennessee State,11,16,70,76,East Tennessee State
East Tennessee State,Western Carolina,59,48,East Tennessee State,4,4,55,44,East Tennessee State
Furman,East Tennessee State,62,71,East Tennessee State,8,10,54,61,East Tennessee State
The Citadel,East Tennessee State,84,112,East Tennessee State,11,12,73,100,East Tennessee State
East Tennessee State,Wofford,62,67,Wofford,11,12,51,55,Wofford
East Tennessee State,Mercer,70,64,East Tennessee State,6,8,64,56,East Tennessee State
East Tennessee State,The Citadel,71,79,The Citadel,8,8,63,71,The Citadel
Wofford,East Tennessee State,49,71,East Tennessee State,8,8,41,63,East Tennessee State
Mercer,East Tennessee State,71,64,Mercer,10,10,61,54,Mercer
UNC Greensboro,East Tennessee State,85,74,UNC Greensboro,9,7,76,67,UNC Greensboro
Tusculum,Furman,62,95,Furman,4,6,58,89,Furman
South Wesleyan,Furman,49,89,Furman,4,5,45,84,Furman
Flagler,Furman,61,86,Furman,6,12,55,74,Furman
Mercer,Furman,80,83,Furman,7,10,73,73,Furman
Furman,The Citadel,94,88,Furman,8,12,86,76,Furman
Furman,VMI,73,74,VMI,12,11,61,63,VMI
Furman,Western Carolina,75,69,Furman,9,12,66,57,Furman
Wofford,Furman,75,67,Wofford,10,12,65,55,Wofford
UNC Greensboro,Furman,49,68,Furman,2,7,47,61,Furman
Furman,UNC Greensboro,58,64,UNC Greensboro,9,6,49,58,UNC Greensboro
Western Carolina,Furman,70,88,Furman,7,14,63,74,Furman
Samford,Furman,64,78,Furman,7,13,57,65,Furman
Furman,Mercer,70,60,Furman,5,5,65,55,Furman
The Citadel,Furman,63,72,Furman,4,8,59,64,Furman
Furman,Wofford,73,74,Wofford,9,8,64,66,Wofford
North Georgia,Mercer,48,79,Mercer,4,9,44,70,Mercer
Georgia State,Mercer,69,86,Mercer,5,11,64,75,Mercer
Columbia International,Mercer,62,88,Mercer,9,9,53,79,Mercer
South Wesleyan,Mercer,85,96,Mercer,13,13,72,83,Mercer
Mercer,Georgia Southern,77,75,Mercer,12,2,65,73,Georgia Southern
Mercer,Georgia State,81,88,Georgia State,7,7,74,81,Georgia State
Wofford,Mercer,78,65,Wofford,9,9,69,56,Wofford
Mercer,Furman,80,83,Furman,7,10,73,73,Wofford
Western Carolina,Mercer,76,78,Mercer,8,3,68,75,Mercer
Mercer,The Citadel,83,63,Mercer,8,8,75,55,Mercer
VMI,Mercer,80,83,Mercer,7,11,73,72,VMI
Mercer,UNC Greensboro,68,81,UNC Greensboro,7,9,61,72,UNC Greensboro
Mercer,Wofford,69,72,Wofford,7,8,62,64,Wofford
Samford,Mercer,82,89,Mercer,3,13,79,76,Samford
Mercer,Samford,77,70,Mercer,6,7,71,63,Mercer
UNC Greensboro,Mercer,77,74,UNC Greensboro,10,10,67,64,UNC Greensboro
The Citadel,Mercer,52,88,Mercer,4,11,48,77,Mercer
Mercer,Western Carolina,61,85,Western Carolina,4,13,57,72,Western Carolina
Alabama A&M,Samford,78,76,Alabama A&M,6,5,72,71,Alabama A&M
Covenant,Samford,73,98,Samford,14,10,59,88,Samford
Samford,Troy,71,79,Troy,5,5,66,74,Troy
Belhaven,Samford,84,133,Samford,13,22,71,111,Samford
VMI,Samford,71,84,Samford,12,10,59,74,Samford
Samford,Wofford,84,94,Wofford,8,16,76,78,Wofford
UNC Greensboro,Samford,87,63,UNC Greensboro,11,5,76,58,UNC Greensboro
UNC Greensboro,Samford,82,70,UNC Greensboro,11,7,71,63,UNC Greensboro
Western Carolina,Samford,78,82,Samford,8,8,70,74,Samford
Samford,VMI,56,85,VMI,6,15,50,70,VMI
Piedmont,The Citadel,64,89,The Citadel,7,18,57,71,The Citadel
Toccoa Falls,The Citadel,58,100,The Citadel,6,16,52,84,The Citadel
Columbia International,The Citadel,57,96,The Citadel,7,18,50,78,The Citadel
Carver College,The Citadel,51,102,The Citadel,0,15,51,87,The Citadel
The Citadel,VMI,103,110,VMI,13,12,90,98,VMI
The Citadel,UNC Greensboro,73,87,UNC Greensboro,9,5,64,82,UNC Greensboro
Wofford,The Citadel,69,77,The Citadel,5,14,64,63,Wofford
The Citadel,Western Carolina,75,76,Western Carolina,4,2,71,74,Western Carolina
UNC Greensboro,The Citadel,85,66,UNC Greensboro,9,5,76,61,UNC Greensboro
Western Carolina,The Citadel,63,74,The Citadel,4,8,59,66,The Citadel
The Citadel,Wofford,67,81,Wofford,9,10,58,71,Wofford
VMI,The Citadel,74,75,The Citadel,7,6,67,69,The Citadel
UNC Greensboro,Little Rock,77,70,UNC Greensboro,7,5,70,65,UNC Greensboro
UNC Greensboro,Wofford,84,75,UNC Greensboro,11,10,73,65,UNC Greensboro
Wofford,UNC Greensboro,48,45,Wofford,7,4,41,41,UNC Greensboro
VMI,UNC Greensboro,59,76,UNC Greensboro,8,8,51,68,UNC Greensboro
UNC Greensboro,VMI,77,88,VMI,7,14,70,74,VMI
UNC Greensboro,Western Carolina,77,56,UNC Greensboro,10,7,67,49,UNC Greensboro
Western Carolina,UNC Greensboro,81,80,Western Carolina,14,10,67,70,UNC Greensboro
St. Andrews,VMI,63,90,VMI,10,13,53,77,VMI
Greensboro,VMI,65,100,VMI,9,15,56,85,VMI
Campbellsville-Harrodsburg,VMI,72,106,VMI,10,21,62,85,VMI
VMI,George Mason,66,68,George Mason,7,9,59,59,Gardner-Webb
Wofford,VMI,80,78,Wofford,14,13,66,65,Wofford
Western Carolina,VMI,61,87,VMI,7,13,54,74,VMI
VMI,Wofford,84,80,VMI,10,13,74,67,VMI
VMI,Western Carolina,72,74,Western Carolina,12,5,60,69,Western Carolina
Western Carolina,Troy,64,66,Troy,8,8,56,58,Troy
Piedmont,Western Carolina,58,96,Western Carolina,8,14,50,82,Western Carolina
Newberry,Western Carolina,84,91,Western Carolina,16,11,68,80,Western Carolina
Western Carolina,Wofford,78,91,Wofford,7,13,71,78,Wofford
Wofford,Western Carolina,80,56,Wofford,10,7,70,49,Wofford
Toccoa Falls,Wofford,49,88,Wofford,6,11,43,77,Wofford
Carver College,Wofford,37,111,Wofford,6,6,31,105,Wofford
Coastal Carolina,Wofford,77,88,Wofford,8,15,69,73,Wofford
Abilene Christian,Omaha,70,58,Abilene Christian,6,2,64,56,Abilene Christian
Howard Payne,Abilene Christian,51,81,Abilene Christian,6,9,45,72,Abilene Christian
Tarleton,Abilene Christian,48,69,Abilene Christian,1,9,47,60,Abilene Christian
McMurry,Abilene Christian,46,83,Abilene Christian,7,8,39,75,Abilene Christian
Hardin-Simmons,Abilene Christian,73,95,Abilene Christian,7,4,66,91,Abilene Christian
Dallas Christian,Abilene Christian,44,82,Abilene Christian,10,6,34,76,Abilene Christian
Lamar,Abilene Christian,65,83,Abilene Christian,4,9,61,74,Abilene Christian
Abilene Christian,Houston Baptist,66,63,Abilene Christian,3,6,63,57,Abilene Christian
SE Louisiana,Abilene Christian,42,76,Abilene Christian,4,9,38,67,Abilene Christian
Abilene Christian,Sam Houston State,57,64,Sam Houston State,3,6,54,58,Sam Houston State
Central Arkansas,Abilene Christian,58,93,Abilene Christian,4,12,54,81,Abilene Christian
Stephen F. Austin,Abilene Christian,62,82,Abilene Christian,2,6,60,76,Abilene Christian
Abilene Christian,Incarnate Word,75,67,Abilene Christian,6,12,69,55,Abilene Christian
Abilene Christian,Lamar,77,62,Abilene Christian,11,10,66,52,Abilene Christian
Abilene Christian,Texas A&M-CC,82,69,Abilene Christian,6,5,76,64,Abilene Christian
Houston Baptist,Abilene Christian,59,88,Abilene Christian,4,13,55,75,Abilene Christian
Texas A&M-CC,Abilene Christian,55,83,Abilene Christian,3,7,52,76,Abilene Christian
Sam Houston State,Abilene Christian,72,86,Abilene Christian,5,10,67,76,Abilene Christian
Abilene Christian,Central Arkansas,82,84,Central Arkansas,12,7,70,77,Central Arkansas
Central Arkansas,Little Rock,83,86,Little Rock,5,8,78,78,Memphis
Champion Christian College,Central Arkansas,28,92,Central Arkansas,2,8,26,84,Central Arkansas
Central Arkansas,McNeese,81,67,Central Arkansas,6,9,75,58,Central Arkansas
New Orleans,Central Arkansas,79,83,Central Arkansas,8,4,71,79,Central Arkansas
Sam Houston State,Central Arkansas,91,80,Sam Houston State,13,3,78,77,Sam Houston State
Central Arkansas,Stephen F. Austin,69,95,Stephen F. Austin,6,9,63,86,Stephen F. Austin
Nicholls,Central Arkansas,74,72,Nicholls,10,5,64,67,Central Arkansas
Central Arkansas,SE Louisiana,57,69,SE Louisiana,5,7,52,62,SE Louisiana
Northwestern State,Central Arkansas,81,77,Northwestern State,8,6,73,71,Northwestern State
McNeese,Central Arkansas,80,70,McNeese,14,11,66,59,McNeese
Central Arkansas,Sam Houston State,57,97,Sam Houston State,6,13,51,84,Sam Houston State
Central Arkansas,Nicholls,68,79,Nicholls,11,9,57,70,Nicholls
Central Arkansas,New Orleans,63,88,New Orleans,4,6,59,82,New Orleans
Champion Christian College,Houston Baptist,60,93,Houston Baptist,9,13,51,80,Houston Baptist
Northwestern State,Houston Baptist,93,99,Houston Baptist,7,12,86,87,Houston Baptist
Houston Baptist,Lamar,65,71,Lamar,9,3,56,68,Lamar
Houston Baptist,Sam Houston State,80,87,Sam Houston State,9,12,71,75,Sam Houston State
Nicholls,Houston Baptist,92,83,Nicholls,7,12,85,71,Nicholls
McNeese,Houston Baptist,74,71,McNeese,7,10,67,61,McNeese
Houston Baptist,Incarnate Word,73,57,Houston Baptist,4,5,69,52,Houston Baptist
Lamar,Houston Baptist,75,80,Houston Baptist,8,9,67,71,Houston Baptist
Houston Baptist,Northwestern State,80,86,Northwestern State,7,13,73,73,Houston Baptist
Houston Baptist,Nicholls,68,83,Nicholls,4,14,64,69,Nicholls
Houston Baptist,McNeese,58,85,McNeese,9,10,49,75,McNeese
Our Lady of the Lake,Incarnate Word,71,84,Incarnate Word,3,5,68,79,Incarnate Word
Incarnate Word,Texas State,64,72,Texas State,9,6,55,66,Texas State
McMurry,Incarnate Word,71,92,Incarnate Word,6,6,65,86,Incarnate Word
McMurry,Incarnate Word,54,81,Incarnate Word,6,5,48,76,Incarnate Word
Incarnate Word,Northwestern State,75,67,Incarnate Word,10,7,65,60,Incarnate Word
Incarnate Word,New Orleans,64,86,New Orleans,6,5,58,81,New Orleans
McNeese,Incarnate Word,61,83,Incarnate Word,5,16,56,67,Incarnate Word
Stephen F. Austin,Incarnate Word,83,65,Stephen F. Austin,4,6,79,59,Stephen F. Austin
Texas A&M-CC,Incarnate Word,53,72,Incarnate Word,4,11,49,61,Incarnate Word
Incarnate Word,Lamar,67,58,Incarnate Word,9,6,58,52,Incarnate Word
Incarnate Word,Texas A&M-CC,58,53,Incarnate Word,8,5,50,48,Incarnate Word
Northwestern State,Incarnate Word,68,67,Northwestern State,3,9,65,58,Northwestern State
Lamar,Incarnate Word,67,45,Lamar,6,7,61,38,Lamar
Lamar,UL Monroe,63,60,Lamar,5,5,58,55,Lamar
SE Louisiana,Lamar,64,74,Lamar,5,8,59,66,Lamar
Lamar,Nicholls,69,76,Nicholls,5,6,64,70,Nicholls
Lamar,Sam Houston State,71,96,Sam Houston State,2,14,69,82,Sam Houston State
Lamar,Stephen F. Austin,72,102,Stephen F. Austin,2,9,70,93,Stephen F. Austin
McNeese,Lamar,56,64,Lamar,7,5,49,59,Lamar
Nicholls,Lamar,76,71,Nicholls,7,4,69,67,Nicholls
Lamar,Texas A&M-CC,68,77,Texas A&M-CC,3,8,65,69,Texas A&M-CC
Sam Houston State,Lamar,77,71,Sam Houston State,8,5,69,66,Sam Houston State
Stephen F. Austin,Lamar,83,88,Lamar,7,7,76,81,Lamar
Dallas Christian,McNeese,37,140,McNeese,5,21,32,119,McNeese
McNeese,Stephen F. Austin,76,86,Stephen F. Austin,8,2,68,84,Stephen F. Austin
Carver College,McNeese,53,96,McNeese,2,8,51,88,McNeese
Arlington Baptist,McNeese,64,110,McNeese,6,9,58,101,McNeese
Arlington Baptist,McNeese,50,114,McNeese,6,16,44,98,McNeese
McNeese,Louisiana,65,75,Louisiana,2,7,63,68,Louisiana
Champion Christian College,McNeese,36,94,McNeese,2,6,34,88,McNeese
Champion Christian College,McNeese,76,91,McNeese,8,8,68,83,McNeese
Northwestern State,McNeese,78,75,Northwestern State,6,7,72,68,Northwestern State
McNeese,New Orleans,84,99,New Orleans,8,11,76,88,New Orleans
SE Louisiana,McNeese,92,88,SE Louisiana,11,9,81,79,SE Louisiana
McNeese,Nicholls,69,76,Nicholls,8,11,61,65,Nicholls
McNeese,Northwestern State,66,69,Northwestern State,5,8,61,61,McNeese
McNeese,SE Louisiana,95,91,McNeese,9,11,86,80,McNeese
New Orleans,BYU,61,86,BYU,5,10,56,76,BYU
Louisiana,New Orleans,66,63,Louisiana,4,6,62,57,Louisiana
New Orleans,Florida National,74,57,New Orleans,0,8,74,49,New Orleans
New Orleans,Louisiana,63,73,Louisiana,4,3,59,70,Louisiana
New Orleans,Stephen F. Austin,67,78,Stephen F. Austin,1,2,66,76,Stephen F. Austin
Texas A&M-CC,New Orleans,68,87,New Orleans,7,5,61,82,New Orleans
New Orleans,Nicholls,62,86,Nicholls,7,9,55,77,Nicholls
New Orleans,Northwestern State,73,81,Northwestern State,5,3,68,78,Northwestern State
New Orleans,SE Louisiana,73,79,SE Louisiana,6,4,67,75,SE Louisiana
Stephen F. Austin,New Orleans,89,79,Stephen F. Austin,3,7,86,72,Stephen F. Austin
New Orleans,Texas A&M-CC,69,61,New Orleans,6,8,63,53,New Orleans
Nicholls,New Orleans,105,101,Nicholls,11,8,94,93,Nicholls
Nicholls,Santa Clara,57,73,Santa Clara,7,4,50,69,Santa Clara
Nicholls,Saint Mary's,50,73,Saint Mary's,6,12,44,61,Saint Mary's
Sam Houston State,Nicholls,84,81,Sam Houston State,12,12,72,69,Sam Houston State
SE Louisiana,Nicholls,67,87,Nicholls,8,6,59,81,Nicholls
Nicholls,Northwestern State,76,66,Nicholls,5,4,71,62,Nicholls
Carver College,Nicholls,60,105,Nicholls,4,9,56,96,Nicholls
Nicholls,Sam Houston State,71,78,Sam Houston State,7,8,64,70,Sam Houston State
Nicholls,SE Louisiana,86,84,Nicholls,8,9,78,75,Nicholls
Northwestern State,UT Arlington,71,80,UT Arlington,9,6,62,74,UT Arlington
UL Monroe,Northwestern State,92,83,UL Monroe,8,11,84,72,UL Monroe
Champion Christian College,Northwestern State,44,77,Northwestern State,6,10,38,67,Northwestern State
Northwestern State,Gonzaga,57,95,Gonzaga,7,8,50,87,Gonzaga
Northwestern State,Gonzaga,78,95,Gonzaga,12,4,66,91,Gonzaga
Northwestern State,Stephen F. Austin,74,86,Stephen F. Austin,5,5,69,81,Stephen F. Austin
Northwestern State,SE Louisiana,73,68,Northwestern State,5,7,68,61,Northwestern State
McNeese,Northwestern State,66,69,Northwestern State,5,8,61,61,Northwestern State
Houston Baptist,Northwestern State,80,86,Northwestern State,7,13,73,73,Northwestern State
Stephen F. Austin,Northwestern State,83,57,Stephen F. Austin,6,6,77,51,Stephen F. Austin
SE Louisiana,Northwestern State,61,79,Northwestern State,5,7,56,72,Northwestern State
SE Louisiana,California Baptist,81,80,SE Louisiana,11,8,70,72,California Baptist
SE Louisiana,California Baptist,66,83,California Baptist,3,10,63,73,California Baptist
SE Louisiana,Grambling,77,70,SE Louisiana,10,4,67,66,SE Louisiana
Sam Houston State,SE Louisiana,70,52,Sam Houston State,14,3,56,49,Sam Houston State
Texas A&M-CC,SE Louisiana,63,76,SE Louisiana,9,9,54,67,SE Louisiana
SE Louisiana,Sam Houston State,61,79,Sam Houston State,3,8,58,71,Sam Houston State
SE Louisiana,Texas A&M-CC,78,75,SE Louisiana,12,8,66,67,Texas A&M-CC
Dallas Christian,Sam Houston State,42,117,Sam Houston State,3,11,39,106,Sam Houston State
Howard Payne,Sam Houston State,54,117,Sam Houston State,4,17,50,100,Sam Houston State
Le Tourneau,Sam Houston State,65,107,Sam Houston State,11,6,54,101,Sam Houston State
Sam Houston State,UT Rio Grande Valley,69,66,Sam Houston State,5,4,64,62,Sam Houston State
Mary Hardin-Baylor,Sam Houston State,59,101,Sam Houston State,4,11,55,90,Sam Houston State
Sam Houston State,Texas A&M-CC,75,70,Sam Houston State,9,8,66,62,Sam Houston State
Sam Houston State,Stephen F. Austin,68,78,Stephen F. Austin,6,5,62,73,Stephen F. Austin
Le Tourneau,Stephen F. Austin,57,102,Stephen F. Austin,9,8,48,94,Stephen F. Austin
LSU Alexandria,Stephen F. Austin,79,97,Stephen F. Austin,7,7,72,90,Stephen F. Austin
Stephen F. Austin,UL Monroe,55,66,UL Monroe,6,11,49,55,UL Monroe
Midwestern State,Stephen F. Austin,71,87,Stephen F. Austin,7,8,64,79,Stephen F. Austin
Stephen F. Austin,Texas A&M-CC,84,75,Stephen F. Austin,4,11,80,64,Stephen F. Austin
Texas A&M-CC,Stephen F. Austin,68,80,Stephen F. Austin,5,6,63,74,Stephen F. Austin
Texas A&M-International,Texas A&M-CC,53,64,Texas A&M-CC,6,3,47,61,Texas A&M-CC
Texas State,Texas A&M-CC,75,63,Texas State,6,7,69,56,Texas State
Texas A&M-CC,UT Rio Grande Valley,59,62,UT Rio Grande Valley,7,3,52,59,UT Rio Grande Valley
UT Rio Grande Valley,Texas A&M-CC,68,64,UT Rio Grande Valley,6,2,62,62,UT Rio Grande Valley
Texas A&M-CC,Texas State,46,51,Texas State,5,2,41,49,Texas State
Our Lady of the Lake,Texas A&M-CC,72,99,Texas A&M-CC,6,9,66,90,Texas A&M-CC
Paul Quinn,Texas A&M-CC,35,59,Texas A&M-CC,0,4,35,55,Texas A&M-CC
South Alabama,Alabama A&M,90,93,Alabama A&M,4,9,86,84,South Alabama
Alabama State,Alabama A&M,63,70,Alabama A&M,3,4,60,66,Alabama A&M
Southern,Alabama A&M,58,68,Alabama A&M,2,9,56,59,Alabama A&M
Alabama A&M,Prairie View A&M,57,79,Prairie View A&M,2,8,55,71,Prairie View A&M
Alabama A&M,Texas Southern,49,66,Texas Southern,4,10,45,56,Texas Southern
Mississippi Valley State,Alabama A&M,58,93,Alabama A&M,10,11,48,82,Alabama A&M
Arkansas-Pine Bluff,Alabama A&M,55,56,Alabama A&M,4,2,51,54,Alabama A&M
Alabama A&M,Alabama State,58,72,Alabama State,5,8,53,64,Alabama State
Alabama A&M,Alcorn State,52,65,Alcorn State,3,6,49,59,Alcorn State
Alabama A&M,Southern,57,73,Southern,6,7,51,66,Southern
Prairie View A&M,Alabama A&M,55,54,Prairie View A&M,2,6,53,48,Prairie View A&M
Grambling,Alabama State,66,49,Grambling,7,2,59,47,Grambling
Jackson State,Alabama State,60,44,Jackson State,8,3,52,41,Jackson State
Alabama State,Arkansas-Pine Bluff,82,91,Arkansas-Pine Bluff,8,7,74,84,Arkansas-Pine Bluff
Alabama State,Mississippi Valley State,64,51,Alabama State,10,8,54,43,Alabama State
Alcorn State,Alabama State,57,52,Alcorn State,5,3,52,49,Alcorn State
Southern,Alabama State,64,66,Alabama State,3,7,61,59,Southern
Alabama State,Texas Southern,73,80,Texas Southern,8,3,65,77,Texas Southern
Alabama State,Prairie View A&M,63,87,Prairie View A&M,7,7,56,80,Prairie View A&M
Arkansas-Pine Bluff,Alabama State,67,73,Alabama State,4,10,63,63,Prairie View A&M
Mississippi Valley State,Alabama State,68,65,Mississippi Valley State,10,2,58,63,Alabama State
Alabama State,Southern,66,75,Southern,7,3,59,72,Southern
Texas Southern,Alabama State,86,76,Texas Southern,4,11,82,65,Texas Southern
Alcorn State,Grambling,74,79,Grambling,8,4,66,75,Grambling
Mississippi Valley State,Alcorn State,59,71,Alcorn State,6,6,53,65,Alcorn State
Arkansas-Pine Bluff,Alcorn State,48,82,Alcorn State,4,11,44,71,Alcorn State
Southern,Alcorn State,76,59,Southern,9,1,67,58,Southern
Jackson State,Alcorn State,74,66,Jackson State,9,7,65,59,Jackson State
Grambling,Alcorn State,67,62,Grambling,4,7,63,55,Grambling
Alcorn State,Mississippi Valley State,70,56,Alcorn State,6,9,64,47,Alcorn State
Alcorn State,Southern,75,89,Southern,4,6,71,83,Southern
Arkansas-Pine Bluff,Arkansas State,75,74,Arkansas-Pine Bluff,10,5,65,69,Arkansas State
Mississippi Valley State,Arkansas-Pine Bluff,52,92,Arkansas-Pine Bluff,5,7,47,85,Arkansas-Pine Bluff
Arkansas-Pine Bluff,Southern,53,88,Southern,2,11,51,77,Southern
Texas Southern,Arkansas-Pine Bluff,66,57,Texas Southern,2,7,64,50,Texas Southern
Prairie View A&M,Arkansas-Pine Bluff,73,56,Prairie View A&M,8,4,65,52,Prairie View A&M
Arkansas-Pine Bluff,Grambling,71,74,Grambling,8,6,63,68,Grambling
Arkansas-Pine Bluff,Jackson State,55,63,Jackson State,2,4,53,59,Jackson State
Arkansas-Pine Bluff,Alabama State,67,73,Alabama State,4,10,63,63,Jackson State
Southern,Arkansas-Pine Bluff,73,71,Southern,3,5,70,66,Southern
Arkansas-Pine Bluff,Prairie View A&M,56,72,Prairie View A&M,5,6,51,66,Prairie View A&M
Arkansas-Pine Bluff,Texas Southern,65,79,Texas Southern,7,8,58,71,Texas Southern
Grambling,Grand Canyon,53,69,Grand Canyon,1,6,52,63,Grand Canyon
East Texas Baptist,Grambling,59,68,Grambling,8,4,51,64,Grambling
Grambling,UL Monroe,78,61,Grambling,11,8,67,53,Grambling
Southern,Grambling,61,55,Southern,8,3,53,52,Southern
Grambling,Texas Southern,78,72,Grambling,6,7,72,65,Grambling
Grambling,Prairie View A&M,50,59,Prairie View A&M,3,2,47,57,Prairie View A&M
Jackson State,Grambling,75,61,Jackson State,4,2,71,59,Jackson State
Mississippi Valley State,Grambling,72,85,Grambling,8,8,64,77,Grambling
Grambling,Southern,72,69,Grambling,6,10,66,59,Grambling
Texas Southern,Grambling,75,73,Texas Southern,7,4,68,69,Grambling
Grambling,Jackson State,59,63,Jackson State,4,10,55,53,Grambling
Mississippi Valley State,Jackson State,56,106,Jackson State,4,9,52,97,Jackson State
Jackson State,Southern,57,53,Jackson State,1,1,56,52,Jackson State
Jackson State,Mississippi Valley State,68,54,Jackson State,4,9,64,45,Jackson State
Mississippi Valley State,Grand Canyon,49,88,Grand Canyon,13,7,36,81,Grand Canyon
Mississippi Valley State,Southern,61,102,Southern,10,9,51,93,Southern
Prairie View A&M,Mississippi Valley State,77,31,Prairie View A&M,5,5,72,26,Prairie View A&M
Mississippi Valley State,Texas Southern,45,82,Texas Southern,3,3,42,79,Texas Southern
Mississippi Valley State,Prairie View A&M,62,82,Prairie View A&M,11,9,51,73,Prairie View A&M
Prairie View A&M,Little Rock,66,71,Little Rock,8,4,58,67,Little Rock
Texas Southern,Prairie View A&M,67,73,Prairie View A&M,4,10,63,63,TCU
Prairie View A&M,Texas Southern,77,75,Prairie View A&M,11,5,66,70,Texas Southern
Texas Southern,Saint Mary's,70,82,Saint Mary's,4,16,66,66,Texas Southern
Le Tourneau,Texas Southern,60,103,Texas Southern,4,5,56,98,Texas Southern
Texas Southern,BYU,71,87,BYU,2,11,69,76,BYU
Texas Southern,Prairie View A&M,67,73,Prairie View A&M,4,10,63,63,BYU
UT Rio Grande Valley,Texas Southern,75,77,Texas Southern,9,4,66,73,Texas Southern
Regis Univ,Denver,66,82,Denver,9,7,57,75,Denver
Dixie State,Denver,73,70,Dixie State,10,4,63,66,Denver
Texas State,Denver,70,68,Texas State,7,6,63,62,Texas State
Denver,South Dakota,54,93,South Dakota,8,14,46,79,South Dakota
Denver,South Dakota,57,79,South Dakota,6,8,51,71,South Dakota
Oral Roberts,Denver,88,84,Oral Roberts,9,9,79,75,Oral Roberts
Oral Roberts,Denver,91,82,Oral Roberts,8,8,83,74,Oral Roberts
Denver,North Dakota State,58,70,North Dakota State,7,5,51,65,North Dakota State
Denver,North Dakota State,58,84,North Dakota State,6,9,52,75,North Dakota State
North Dakota,Denver,85,82,North Dakota,9,9,76,73,North Dakota
North Dakota,Denver,81,85,Denver,9,9,72,76,Denver
Denver,Western Illinois,69,75,Western Illinois,7,5,62,70,Western Illinois
Denver,Western Illinois,75,82,Western Illinois,10,8,65,74,Western Illinois
Denver,UM Kansas City,57,68,UM Kansas City,8,2,49,66,UM Kansas City
Denver,UM Kansas City,69,80,UM Kansas City,3,9,66,71,UM Kansas City
Omaha,Denver,80,76,Omaha,8,10,72,66,Omaha
Omaha,Denver,80,76,Omaha,6,7,74,69,Omaha
North Dakota,Dixie State,73,74,Dixie State,7,1,66,73,Dixie State
North Dakota,South Dakota,75,71,North Dakota,5,8,70,63,North Dakota
South Dakota State,North Dakota,74,62,South Dakota State,7,7,67,55,South Dakota State
North Dakota,North Dakota State,52,53,North Dakota State,6,4,46,49,North Dakota State
UM Kansas City,North Dakota,45,52,North Dakota,2,2,43,50,North Dakota
UM Kansas City,North Dakota,77,53,UM Kansas City,2,4,75,49,UM Kansas City
North Dakota,Oral Roberts,72,71,North Dakota,8,7,64,64,UM Kansas City
North Dakota,Oral Roberts,57,74,Oral Roberts,7,15,50,59,Oral Roberts
North Dakota State,North Dakota,62,45,North Dakota State,4,5,58,40,North Dakota State
North Dakota State,North Dakota,78,82,North Dakota,9,7,69,75,North Dakota
North Dakota,South Dakota State,73,92,South Dakota State,7,14,66,78,South Dakota State
North Dakota,South Dakota State,74,85,South Dakota State,8,8,66,77,South Dakota State
Western Illinois,North Dakota,81,83,North Dakota,10,8,71,75,North Dakota
Western Illinois,North Dakota,99,87,Western Illinois,9,11,90,76,Western Illinois
South Dakota,North Dakota,76,85,North Dakota,8,14,68,71,North Dakota
South Dakota,North Dakota,81,85,North Dakota,9,11,72,74,North Dakota
North Dakota,Omaha,62,72,Omaha,8,6,54,66,Omaha
North Dakota,Omaha,81,69,North Dakota,9,6,72,63,North Dakota
North Dakota State,South Dakota State,75,77,South Dakota State,10,7,65,70,South Dakota State
South Dakota,North Dakota State,67,74,North Dakota State,8,5,59,69,North Dakota State
North Dakota State,Western Illinois,68,50,North Dakota State,9,4,59,46,North Dakota State
North Dakota State,Western Illinois,78,67,North Dakota State,7,6,71,61,North Dakota State
Omaha,North Dakota State,69,71,North Dakota State,3,4,66,67,North Dakota State
Omaha,North Dakota State,66,80,North Dakota State,4,8,62,72,North Dakota State
North Dakota State,UM Kansas City,71,67,North Dakota State,3,8,68,59,North Dakota State
North Dakota State,UM Kansas City,47,49,UM Kansas City,5,7,42,42,North Dakota State
Oral Roberts,North Dakota State,54,61,North Dakota State,11,5,43,56,North Dakota State
Oral Roberts,North Dakota State,80,74,Oral Roberts,9,7,71,67,Oral Roberts
South Dakota State,North Dakota State,68,67,South Dakota State,13,7,55,60,North Dakota State
South Dakota State,North Dakota State,82,84,North Dakota State,5,11,77,73,South Dakota State
North Dakota State,South Dakota,71,80,South Dakota,10,5,61,75,South Dakota
North Dakota State,South Dakota,89,77,North Dakota State,11,10,78,67,North Dakota State
Oral Roberts,Omaha,95,83,Oral Roberts,15,6,80,77,Oral Roberts
Oral Roberts,Omaha,86,75,Oral Roberts,12,1,74,74,Oral Roberts
Omaha,South Dakota,59,91,South Dakota,7,7,52,84,South Dakota
Omaha,South Dakota,93,97,South Dakota,10,12,83,85,South Dakota
Western Illinois,Omaha,85,77,Western Illinois,5,7,80,70,Western Illinois
Western Illinois,Omaha,75,73,Western Illinois,6,5,69,68,Western Illinois
Omaha,UM Kansas City,52,62,UM Kansas City,4,5,48,57,UM Kansas City
Omaha,UM Kansas City,47,55,UM Kansas City,3,6,44,49,UM Kansas City
Rogers State,Oral Roberts,63,93,Oral Roberts,6,13,57,80,Oral Roberts
SW Christian Univ,Oral Roberts,58,111,Oral Roberts,7,19,51,92,Oral Roberts
Bacone,Oral Roberts,65,96,Oral Roberts,8,12,57,84,Oral Roberts
North Dakota,Oral Roberts,72,71,North Dakota,8,7,64,64,Oral Roberts
UM Kansas City,Oral Roberts,58,60,Oral Roberts,5,7,53,53,Oral Roberts
UM Kansas City,Oral Roberts,81,76,UM Kansas City,9,9,72,67,UM Kansas City
South Dakota State,Oral Roberts,86,103,Oral Roberts,8,16,78,87,Oral Roberts
South Dakota State,Oral Roberts,95,80,South Dakota State,8,16,87,64,South Dakota State
Oral Roberts,South Dakota,84,86,South Dakota,13,12,71,74,South Dakota
Western Illinois,Oral Roberts,81,85,Oral Roberts,16,11,65,74,Oral Roberts
Western Illinois,Oral Roberts,59,95,Oral Roberts,3,11,56,84,Oral Roberts
South Dakota,South Dakota State,91,78,South Dakota,12,10,79,68,South Dakota
Mount Marty,South Dakota,44,84,South Dakota,8,5,36,79,South Dakota
South Dakota,UM Kansas City,66,64,South Dakota,7,8,59,56,South Dakota
South Dakota,UM Kansas City,68,62,South Dakota,11,6,57,56,South Dakota
South Dakota,Western Illinois,65,60,South Dakota,6,5,59,55,South Dakota
South Dakota,Western Illinois,84,74,South Dakota,4,10,80,64,South Dakota
South Dakota,South Dakota State,64,56,South Dakota,5,7,59,49,South Dakota
South Dakota,South Dakota State,78,89,South Dakota State,3,7,75,82,South Dakota State
South Dakota State,Saint Mary's,59,72,Saint Mary's,2,10,57,62,Saint Mary's
Mount Marty,South Dakota State,50,93,South Dakota State,7,5,43,88,South Dakota State
Western Illinois,South Dakota State,77,83,South Dakota State,7,5,70,78,South Dakota State
Western Illinois,South Dakota State,63,92,South Dakota State,1,11,62,81,South Dakota State
UM Kansas City,South Dakota State,49,67,South Dakota State,6,2,43,65,South Dakota State
UM Kansas City,South Dakota State,77,89,South Dakota State,10,4,67,85,South Dakota State
Culver-Stockton,UM Kansas City,35,105,UM Kansas City,3,9,32,96,UM Kansas City
Greenville,UM Kansas City,97,138,UM Kansas City,10,0,87,138,UM Kansas City
Kansas Christian,UM Kansas City,42,98,UM Kansas City,7,10,35,88,UM Kansas City
Kansas Christian,UM Kansas City,36,95,UM Kansas City,2,11,34,84,UM Kansas City
UM Kansas City,Oral Roberts,58,60,Oral Roberts,5,7,53,53,South Dakota
Mount St. Joseph,Western Illinois,55,80,Western Illinois,6,6,49,74,Western Illinois
Carver College,Appalachian State,23,105,Appalachian State,4,7,19,98,Appalachian State
NC Wesleyan,Appalachian State,57,81,Appalachian State,2,9,55,72,Appalachian State
Greensboro,Appalachian State,47,87,Appalachian State,6,7,41,80,Appalachian State
Columbia International,Appalachian State,41,77,Appalachian State,7,7,34,70,Appalachian State
Troy,Appalachian State,69,56,Troy,7,6,62,50,Troy
Troy,Appalachian State,59,90,Appalachian State,8,15,51,75,Appalachian State
Georgia Southern,Appalachian State,63,66,Appalachian State,8,6,55,60,Appalachian State
Georgia Southern,Appalachian State,71,77,Appalachian State,11,5,60,72,Appalachian State
Appalachian State,South Alabama,64,73,South Alabama,8,10,56,63,South Alabama
Appalachian State,South Alabama,83,77,Appalachian State,16,11,67,66,Appalachian State
Georgia State,Appalachian State,71,80,Appalachian State,4,10,67,70,Appalachian State
Georgia State,Appalachian State,61,74,Appalachian State,3,6,58,68,Appalachian State
Appalachian State,Troy,62,71,Troy,2,3,60,68,Troy
Appalachian State,Troy,59,65,Troy,7,7,52,58,Troy
South Alabama,Appalachian State,65,63,South Alabama,8,6,57,57,Troy
South Alabama,Appalachian State,56,54,South Alabama,9,6,47,48,Appalachian State
Appalachian State,Georgia State,71,85,Georgia State,8,11,63,74,Georgia State
Appalachian State,Georgia Southern,84,78,Appalachian State,10,5,74,73,Appalachian State
Appalachian State,Georgia Southern,57,65,Georgia Southern,6,8,51,57,Georgia Southern
Crowley's Ridge College,Arkansas State,49,115,Arkansas State,2,10,47,105,Arkansas State
Central Baptist College,Arkansas State,69,81,Arkansas State,6,4,63,77,Arkansas State
Champion Christian College,Arkansas State,50,90,Arkansas State,4,12,46,78,Arkansas State
Arkansas State,UL Monroe,72,84,UL Monroe,7,12,65,72,UL Monroe
Arkansas State,UL Monroe,55,62,UL Monroe,3,9,52,53,UL Monroe
UL Monroe,Arkansas State,72,74,Arkansas State,3,11,69,63,UL Monroe
UL Monroe,Arkansas State,72,93,Arkansas State,8,6,64,87,Arkansas State
Arkansas State,Louisiana,68,81,Louisiana,4,3,64,78,Louisiana
Arkansas State,Louisiana,74,77,Louisiana,5,11,69,66,Arkansas State
UT Arlington,Arkansas State,75,83,Arkansas State,9,8,66,75,Arkansas State
UT Arlington,Arkansas State,65,64,UT Arlington,9,5,56,59,Arkansas State
Louisiana,Arkansas State,87,95,Arkansas State,9,11,78,84,Arkansas State
Louisiana,Arkansas State,77,83,Arkansas State,7,11,70,72,Arkansas State
Little Rock,Arkansas State,62,73,Arkansas State,7,6,55,67,Arkansas State
Arkansas State,Little Rock,67,65,Arkansas State,8,7,59,58,Arkansas State
Texas State,Arkansas State,57,52,Texas State,5,0,52,52,Arkansas State
Arkansas State,UT Arlington,71,73,UT Arlington,5,7,66,66,Arkansas State
Arkansas State,UT Arlington,56,64,UT Arlington,6,8,50,56,UT Arlington
NC Wesleyan,Coastal Carolina,68,117,Coastal Carolina,6,15,62,102,Coastal Carolina
Columbia International,Coastal Carolina,56,113,Coastal Carolina,9,8,47,105,Coastal Carolina
Greensboro,Coastal Carolina,45,103,Coastal Carolina,4,12,41,91,Coastal Carolina
Alice Lloyd College,Coastal Carolina,63,86,Coastal Carolina,8,7,55,79,Coastal Carolina
Georgia State,Coastal Carolina,69,81,Coastal Carolina,5,6,64,75,Coastal Carolina
Georgia State,Coastal Carolina,70,62,Georgia State,7,10,63,52,Georgia State
South Alabama,Coastal Carolina,65,78,Coastal Carolina,11,12,54,66,Coastal Carolina
South Alabama,Coastal Carolina,69,83,Coastal Carolina,9,16,60,67,Coastal Carolina
Coastal Carolina,Georgia State,68,71,Georgia State,10,9,58,62,Georgia State
Troy,Coastal Carolina,81,90,Coastal Carolina,12,11,69,79,Coastal Carolina
Troy,Coastal Carolina,65,70,Coastal Carolina,7,9,58,61,Coastal Carolina
Coastal Carolina,Georgia Southern,79,62,Coastal Carolina,9,7,70,55,Coastal Carolina
Coastal Carolina,Georgia Southern,58,61,Georgia Southern,5,5,53,56,Georgia Southern
Coastal Carolina,South Alabama,65,71,South Alabama,8,11,57,60,South Alabama
Coastal Carolina,South Alabama,66,70,South Alabama,8,11,58,59,South Alabama
Georgia Southern,Coastal Carolina,55,65,Coastal Carolina,10,5,45,60,Coastal Carolina
Coastal Carolina,Troy,75,59,Coastal Carolina,7,7,68,52,Coastal Carolina
Coastal Carolina,Troy,76,71,Coastal Carolina,11,9,65,62,Coastal Carolina
Florida National,Georgia Southern,65,97,Georgia Southern,10,6,55,91,Georgia Southern
College of Coastal Georgia,Georgia Southern,79,91,Georgia Southern,8,9,71,82,Georgia Southern
Carver College,Georgia Southern,27,92,Georgia Southern,1,6,26,86,Georgia Southern
Georgia Southern,Carver College,119,43,Georgia Southern,9,5,110,38,Georgia Southern
South Alabama,Georgia Southern,88,59,South Alabama,10,10,78,49,South Alabama
South Alabama,Georgia Southern,49,62,Georgia Southern,6,6,43,56,Georgia Southern
Troy,Georgia Southern,64,67,Georgia Southern,5,10,59,57,Troy
Troy,Georgia Southern,56,63,Georgia Southern,5,10,51,53,Georgia Southern
Georgia Southern,South Alabama,84,75,Georgia Southern,14,11,70,64,Georgia Southern
Georgia Southern,South Alabama,48,62,South Alabama,8,9,40,53,South Alabama
Georgia Southern,Troy,56,68,Troy,9,5,47,63,Troy
Georgia Southern,Troy,79,64,Georgia Southern,11,4,68,60,Georgia Southern
Georgia Southern,Georgia State,75,79,Georgia State,11,6,64,73,Georgia State
Georgia State,Georgia Tech,123,120,Georgia State,10,7,113,113,Georgia Southern
Toccoa Falls,Georgia State,60,105,Georgia State,11,16,49,89,Georgia State
Carver College,Georgia State,57,122,Georgia State,5,13,52,109,Georgia State
South Alabama,Georgia State,70,67,South Alabama,8,5,62,62,Appalachian State
Troy,Georgia State,66,80,Georgia State,7,7,59,73,Georgia State
Troy,Georgia State,53,65,Georgia State,6,8,47,57,Georgia State
Georgia State,South Alabama,84,81,Georgia State,11,15,73,66,Georgia State
Georgia State,South Alabama,82,73,Georgia State,9,5,73,68,Georgia State
Georgia State,Georgia Tech,123,120,Georgia State,10,7,113,113,Georgia State
Central Arkansas,Little Rock,83,86,Little Rock,5,8,78,78,Winthrop
Champion Christian College,Little Rock,50,78,Little Rock,5,7,45,71,Little Rock
UT Arlington,Little Rock,93,102,Little Rock,10,9,83,93,Little Rock
UT Arlington,Little Rock,62,75,Little Rock,12,7,50,68,Little Rock
Little Rock,Louisiana,64,66,Louisiana,4,6,60,60,Little Rock
Little Rock,Louisiana,78,76,Little Rock,2,8,76,68,Little Rock
Texas State,Little Rock,63,59,Texas State,9,6,54,53,Texas State
Texas State,Little Rock,67,56,Texas State,6,5,61,51,Texas State
Little Rock,UT Arlington,66,59,Little Rock,8,10,58,49,Little Rock
Little Rock,UT Arlington,61,66,UT Arlington,6,8,55,58,UT Arlington
UL Monroe,Little Rock,62,66,Little Rock,8,5,54,61,Little Rock
UL Monroe,Little Rock,49,65,Little Rock,5,5,44,60,Little Rock
Little Rock,Texas State,47,57,Texas State,5,4,42,53,Texas State
Little Rock,Texas State,67,77,Texas State,10,9,57,68,Texas State
Little Rock,UL Monroe,66,78,UL Monroe,5,8,61,70,UL Monroe
Little Rock,UL Monroe,64,68,UL Monroe,4,10,60,58,Little Rock
Louisiana,Little Rock,66,61,Louisiana,6,4,60,57,Louisiana
Louisiana,Little Rock,59,69,Little Rock,6,3,53,66,Little Rock
LSU Shreveport,Louisiana,73,84,Louisiana,9,6,64,78,Louisiana
LSU Alexandria,Louisiana,75,90,Louisiana,6,10,69,80,Louisiana
Texas State,Louisiana,77,83,Louisiana,7,8,70,75,Louisiana
Texas State,Louisiana,71,59,Texas State,6,6,65,53,Texas State
Little Rock,Louisiana,64,66,Louisiana,4,6,60,60,Texas State
Louisiana,UT Arlington,86,91,UT Arlington,9,11,77,80,UT Arlington
Louisiana,UT Arlington,68,51,Louisiana,9,4,59,47,Louisiana
Louisiana,Texas State,62,60,Louisiana,5,4,57,56,Louisiana
Louisiana,Texas State,74,73,Louisiana,11,5,63,68,Texas State
UL Monroe,Louisiana,72,66,UL Monroe,11,5,61,61,Arkansas State
Louisiana,UL Monroe,88,72,Louisiana,14,5,74,67,Louisiana
UT Arlington,Louisiana,74,76,Louisiana,8,6,66,70,Louisiana
Mobile,South Alabama,75,95,South Alabama,17,11,58,84,South Alabama
Emmanuel,South Alabama,47,86,South Alabama,9,11,38,75,South Alabama
William Carey,South Alabama,67,80,South Alabama,7,9,60,71,South Alabama
Flagler,South Alabama,81,103,South Alabama,16,11,65,92,South Alabama
South Alabama,Georgia State,70,67,South Alabama,8,5,62,62,South Alabama
Troy,South Alabama,70,73,South Alabama,8,5,62,68,South Alabama
South Alabama,Troy,58,51,South Alabama,7,6,51,45,South Alabama
South Alabama,Appalachian State,65,63,South Alabama,8,6,57,57,South Alabama
Mary Hardin-Baylor,Texas State,59,98,Texas State,7,5,52,93,Texas State
Our Lady of the Lake,Texas State,61,58,Our Lady of the Lake,6,4,55,54,Our Lady of the Lake
Texas State,UL Monroe,57,47,Texas State,4,6,53,41,Texas State
Texas State,UL Monroe,69,63,Texas State,9,10,60,53,Texas State
Texas State,UT Arlington,63,56,Texas State,4,6,59,50,Texas State
UT Arlington,Texas State,68,79,Texas State,14,7,54,72,Texas State
Texas State,Arkansas State,57,52,Texas State,5,0,52,52,Texas State
UL Monroe,Texas State,49,58,Texas State,4,3,45,55,Texas State
UL Monroe,Texas State,57,61,Texas State,8,7,49,54,Texas State
Central Baptist College,Troy,44,61,Troy,3,3,41,58,Troy
Carver College,Troy,35,88,Troy,4,4,31,84,Troy
Spring Hill,Troy,73,90,Troy,6,6,67,84,Troy
UT Arlington,UL Monroe,77,64,UT Arlington,10,5,67,59,UT Arlington
UT Arlington,UL Monroe,75,74,UT Arlington,9,10,66,64,UT Arlington
UL Monroe,UT Arlington,56,63,UT Arlington,7,9,49,54,UT Arlington
UL Monroe,UT Arlington,52,58,UT Arlington,7,7,45,51,UT Arlington
UL Monroe,Louisiana,72,66,UL Monroe,11,5,61,61,UT Arlington
Hardin-Simmons,UT Arlington,66,91,UT Arlington,13,9,53,82,UT Arlington
Dallas Christian,UT Arlington,48,109,UT Arlington,7,12,41,97,UT Arlington
Howard Payne,UT Arlington,53,117,UT Arlington,9,16,44,101,UT Arlington
Arkansas State,UT Arlington,71,73,UT Arlington,5,7,66,66,Louisiana
Westminster (UT),BYU,59,108,BYU,9,18,50,90,BYU
Utah Valley,BYU,60,82,BYU,5,11,55,71,BYU
St. John's,BYU,68,74,BYU,4,10,64,64,USC
BYU,Gonzaga,69,86,Gonzaga,4,7,65,79,Gonzaga
BYU,Saint Mary's,62,52,BYU,1,6,61,46,BYU
BYU,San Francisco,72,63,BYU,5,13,67,50,BYU
Portland,BYU,67,95,BYU,11,14,56,81,BYU
Pepperdine,BYU,54,65,BYU,5,6,49,59,BYU
BYU,Pepperdine,73,76,Pepperdine,5,3,68,73,Pepperdine
Pacific,BYU,87,95,BYU,9,11,78,84,BYU
BYU,Portland,105,60,BYU,15,11,90,49,BYU
Gonzaga,BYU,82,71,Gonzaga,6,8,76,63,Gonzaga
BYU,Pacific,80,52,BYU,13,2,67,50,BYU
BYU,Loyola Marymount,88,71,BYU,9,6,79,65,BYU
San Francisco,BYU,73,79,BYU,12,11,61,68,BYU
Saint Mary's,BYU,51,65,BYU,5,9,46,56,BYU
Dixie State,Gonzaga,67,112,Gonzaga,4,8,63,104,Gonzaga
San Francisco,Gonzaga,62,85,Gonzaga,8,5,54,80,Gonzaga
Gonzaga,Portland,116,88,Gonzaga,4,13,112,75,Gonzaga
Pepperdine,Gonzaga,70,95,Gonzaga,7,9,63,86,Gonzaga
Gonzaga,Saint Mary's,73,59,Gonzaga,4,9,69,50,Gonzaga
Pacific,Gonzaga,49,95,Gonzaga,2,12,47,83,Gonzaga
Gonzaga,San Diego,90,62,Gonzaga,8,8,82,54,Gonzaga
Gonzaga,Pepperdine,97,75,Gonzaga,9,7,88,68,Gonzaga
Gonzaga,Pacific,76,58,Gonzaga,4,3,72,55,Gonzaga
Gonzaga,San Francisco,100,61,Gonzaga,10,7,90,54,Gonzaga
Saint Mary's,Gonzaga,65,87,Gonzaga,6,8,59,79,Gonzaga
San Diego,Gonzaga,69,106,Gonzaga,5,5,64,101,Gonzaga
Santa Clara,Gonzaga,75,89,Gonzaga,6,7,69,82,Gonzaga
Loyola Marymount,Gonzaga,69,86,Gonzaga,6,9,63,77,Gonzaga
San Francisco,Loyola Marymount,60,68,Loyola Marymount,7,4,53,64,Loyola Marymount
Loyola Marymount,Pacific,49,58,Pacific,4,3,45,55,Pacific
San Diego,Loyola Marymount,69,72,Loyola Marymount,7,7,62,65,Loyola Marymount
Saint Mary's,Loyola Marymount,65,61,Saint Mary's,4,3,61,58,Saint Mary's
Santa Clara,Loyola Marymount,72,69,Santa Clara,5,6,67,63,Santa Clara
Loyola Marymount,Portland,75,50,Loyola Marymount,13,7,62,43,Loyola Marymount
Pacific,Loyola Marymount,76,80,Loyola Marymount,8,11,68,69,Loyola Marymount
Loyola Marymount,Santa Clara,76,73,Loyola Marymount,4,5,72,68,Loyola Marymount
Loyola Marymount,San Francisco,68,63,Loyola Marymount,6,9,62,54,Loyola Marymount
Loyola Marymount,Pepperdine,81,74,Loyola Marymount,6,7,75,67,Loyola Marymount
Pacific,Westmont,92,64,Pacific,6,8,86,56,Pacific
Santa Clara,Pacific,58,79,Pacific,6,7,52,72,Pacific
Pacific,Pepperdine,68,85,Pepperdine,6,12,62,73,Pepperdine
Portland,Pacific,57,84,Pacific,10,9,47,75,Pacific
Pacific,Portland,80,58,Pacific,8,8,72,50,Pacific
Pacific,San Diego,77,67,Pacific,2,6,75,61,Pacific
Pacific,Saint Mary's,46,58,Saint Mary's,2,4,44,54,Saint Mary's
San Francisco,Pacific,69,76,Pacific,4,4,65,72,Pacific
St. Katherine,Pepperdine,45,94,Pepperdine,4,7,41,87,Pepperdine
Concordia University Irvine,Pepperdine,68,91,Pepperdine,4,3,64,88,Pepperdine
Portland,Pepperdine,65,80,Pepperdine,7,6,58,74,Pepperdine
Pepperdine,Portland,91,70,Pepperdine,11,6,80,64,Pepperdine
Pepperdine,San Francisco,76,68,Pepperdine,7,8,69,60,Pepperdine
Saint Mary's,Pepperdine,58,60,Pepperdine,4,5,54,55,Pepperdine
Pepperdine,Santa Clara,82,86,Santa Clara,7,7,75,79,Santa Clara
Pepperdine,Saint Mary's,61,66,Saint Mary's,4,7,57,59,Saint Mary's
Pepperdine,San Diego,90,84,Pepperdine,12,6,78,78,Loyola Marymount
Seattle U,Portland,84,72,Seattle U,12,6,72,66,Seattle U
William Jessup,Portland,73,83,Portland,8,7,65,76,Portland
Northwest University,Portland,69,74,Portland,9,6,60,68,Portland
College of Idaho,Portland,74,88,Portland,15,9,59,79,Portland
Portland,Seattle U,68,84,Seattle U,7,8,61,76,Seattle U
Portland,San Francisco,64,88,San Francisco,5,15,59,73,San Francisco
San Francisco,Portland,79,63,San Francisco,13,4,66,59,San Francisco
San Diego,Portland,78,70,San Diego,5,8,73,62,San Diego
Northern Iowa,Saint Mary's,64,66,Saint Mary's,7,9,57,57,Memphis
Texas Southern,Saint Mary's,70,82,Saint Mary's,4,16,66,66,Saint Mary's
Santa Clara,Saint Mary's,66,64,Santa Clara,6,5,60,59,Santa Clara
Saint Mary's,San Francisco,67,63,Saint Mary's,5,9,62,54,Saint Mary's
San Diego,San Francisco,62,70,San Francisco,5,6,57,64,San Francisco
Santa Clara,San Diego,69,63,Santa Clara,11,6,58,57,Santa Clara
San Diego,Santa Clara,71,60,San Diego,5,4,66,56,San Diego
Pepperdine,San Diego,90,84,Pepperdine,12,6,78,78,Pacific
Grand Canyon,San Francisco,65,68,San Francisco,2,14,63,54,Grand Canyon
San Francisco,Santa Clara,73,50,San Francisco,10,5,63,45,San Francisco
Fresno Pacific,Santa Clara,65,88,Santa Clara,12,8,53,80,Santa Clara
St. Katherine,California Baptist,47,93,California Baptist,5,13,42,80,California Baptist
Fresno Pacific,California Baptist,71,110,California Baptist,8,13,63,97,California Baptist
California Baptist,Utah Valley,50,77,Utah Valley,4,4,46,73,Utah Valley
California Baptist,Utah Valley,77,81,Utah Valley,3,8,74,73,California Baptist
Tarleton,California Baptist,74,83,California Baptist,11,12,63,71,California Baptist
Tarleton,California Baptist,67,73,California Baptist,3,12,64,61,Tarleton
San Diego Christian,California Baptist,37,89,California Baptist,3,9,34,80,California Baptist
Dixie State,California Baptist,74,89,California Baptist,5,13,69,76,California Baptist
Dixie State,California Baptist,79,75,Dixie State,7,10,72,65,Dixie State
California Baptist,New Mexico State,85,75,California Baptist,8,9,77,66,California Baptist
California Baptist,New Mexico State,70,97,New Mexico State,6,10,64,87,New Mexico State
California Baptist,Grand Canyon,61,71,Grand Canyon,6,3,55,68,Grand Canyon
California Baptist,Grand Canyon,65,62,California Baptist,4,9,61,53,California Baptist
Vanguard,California Baptist,65,78,California Baptist,8,9,57,69,California Baptist
St. Katherine,Dixie State,48,86,Dixie State,0,12,48,74,Dixie State
Bethesda,Dixie State,69,90,Dixie State,6,5,63,85,Dixie State
Dixie State,UT Rio Grande Valley,49,82,UT Rio Grande Valley,1,8,48,74,UT Rio Grande Valley
Dixie State,UT Rio Grande Valley,65,72,UT Rio Grande Valley,5,4,60,68,UT Rio Grande Valley
Grand Canyon,Dixie State,77,74,Grand Canyon,8,8,69,66,Grand Canyon
Grand Canyon,Dixie State,81,46,Grand Canyon,7,2,74,44,Grand Canyon
Seattle U,Dixie State,76,77,Dixie State,11,5,65,72,Dixie State
Seattle U,Dixie State,77,56,Seattle U,10,4,67,52,Seattle U
Dixie State,Utah Valley,72,87,Utah Valley,7,6,65,81,Utah Valley
Dixie State,Utah Valley,93,89,Dixie State,7,3,86,86,Utah Valley
Tarleton,Dixie State,77,59,Tarleton,6,4,71,55,Tarleton
Tarleton,Dixie State,48,64,Dixie State,2,11,46,53,Dixie State
Benedictine (AZ),Grand Canyon,63,94,Grand Canyon,8,5,55,89,Grand Canyon
Grand Canyon,Tarleton,75,72,Grand Canyon,5,7,70,65,Grand Canyon
Grand Canyon,Tarleton,59,48,Grand Canyon,6,6,53,42,Grand Canyon
Bethesda,Grand Canyon,62,121,Grand Canyon,14,13,48,108,Grand Canyon
Bethesda,Grand Canyon,47,98,Grand Canyon,5,10,42,88,Grand Canyon
New Mexico State,Grand Canyon,62,70,Grand Canyon,5,7,57,63,Grand Canyon
New Mexico State,Grand Canyon,53,65,Grand Canyon,7,5,46,60,Grand Canyon
Grand Canyon,Seattle U,57,63,Seattle U,6,6,51,57,Seattle U
Grand Canyon,Seattle U,81,71,Grand Canyon,9,6,72,65,Grand Canyon
New Mexico State,Arizona Christian,83,77,New Mexico State,6,13,77,64,New Mexico State
Benedictine (AZ),New Mexico State,54,92,New Mexico State,5,11,49,81,New Mexico State
West New Mexico,New Mexico State,41,70,New Mexico State,3,7,38,63,New Mexico State
New Mexico State,Seattle U,72,83,Seattle U,9,13,63,70,Seattle U
New Mexico State,Seattle U,65,58,New Mexico State,12,8,53,50,New Mexico State
Utah Valley,New Mexico State,69,66,Utah Valley,4,7,65,59,Utah Valley
Utah Valley,New Mexico State,60,67,New Mexico State,5,8,55,59,New Mexico State
New Mexico State,Tarleton,78,51,New Mexico State,13,3,65,48,New Mexico State
New Mexico State,Tarleton,55,64,Tarleton,9,5,46,59,Tarleton
William Jessup,Seattle U,53,77,Seattle U,5,7,48,70,Seattle U
Northwest University,Seattle U,40,89,Seattle U,5,5,35,84,Seattle U
College of Idaho,Seattle U,54,78,Seattle U,6,5,48,73,Seattle U
St. Martin's,Seattle U,63,98,Seattle U,7,13,56,85,Seattle U
Utah Valley,Seattle U,93,92,Utah Valley,4,9,89,83,Utah Valley
Dallas Christian,Tarleton,48,103,Tarleton,5,5,43,98,Tarleton
Arlington Baptist,Tarleton,43,84,Tarleton,2,5,41,79,Tarleton
Howard Payne,Tarleton,53,113,Tarleton,9,13,44,100,Tarleton
Tarleton,Utah Valley,60,73,Utah Valley,3,10,57,63,Utah Valley
Tarleton,Utah Valley,70,62,Tarleton,9,6,61,56,Tarleton
SW Adventist,Tarleton,26,97,Tarleton,1,1,25,96,Tarleton
McMurry,Tarleton,54,112,Tarleton,9,4,45,108,Tarleton
Our Lady of the Lake,UT Rio Grande Valley,68,91,UT Rio Grande Valley,4,6,64,85,UT Rio Grande Valley
UT Rio Grande Valley,Texas A&M-CC,68,64,UT Rio Grande Valley,6,2,62,62,Texas A&M
Texas A&M-International,UT Rio Grande Valley,51,89,UT Rio Grande Valley,3,10,48,79,UT Rio Grande Valley
St. Mary's (TX),UT Rio Grande Valley,67,96,UT Rio Grande Valley,8,10,59,86,UT Rio Grande Valley
Dallas Christian,UT Rio Grande Valley,51,116,UT Rio Grande Valley,7,11,44,105,UT Rio Grande Valley
UT Rio Grande Valley,Utah Valley,74,78,Utah Valley,3,4,71,74,Utah Valley
UT Rio Grande Valley,Utah Valley,64,73,Utah Valley,8,7,56,66,Utah Valley
Adams State,Utah Valley,75,100,Utah Valley,9,5,66,95,Utah Valley
Westminster (UT),Utah Valley,71,79,Utah Valley,6,8,65,71,Utah Valley
